# M_init(Msun) Mwd(Msun) maxR_MS maxR_hg maxR_RGB maxR_HB maxR_agb (Rsun) 
0.9804	0.512702550289	1.58679347951	2.16643840781	188.51634151	25.391512798	227.475388865	
0.9871	0.512812471216	1.59949541013	2.17810213608	187.793084257	25.3895220119	229.169766991	
0.9938	0.513516702649	1.61220688379	2.18977321432	187.085526883	25.3872539197	230.766740282	
1.0005	0.51315830759	1.62492721028	2.20145857374	186.578712412	25.3848805778	232.4613952	
1.0072	0.514342791672	1.63765569863	2.21316501128	185.894490516	25.3824351793	234.138315913	
1.0139	0.513148797822	1.65039165719	2.22489918649	185.224349138	25.3798284505	235.737994328	
1.0206	0.513188004724	1.66313439365	2.23666761903	184.741656576	25.3770458529	236.092997965	
1.0273	0.513248590786	1.6758832151	2.2484766867	184.093741507	25.3742664101	236.460679267	
1.034	0.514877397277	1.68863742806	2.26033262384	183.457575894	25.3712970749	236.767565413	
1.0407	0.514573055129	1.70139633854	2.27224152029	182.996996079	25.368279886	237.208824698	
1.0474	0.515432029733	1.71415925205	2.28420932072	182.381540784	25.3651725185	237.661240832	
1.0541	0.514413062489	1.7269254737	2.29624182425	181.776643627	25.3620113734	238.268819153	
1.0608	0.515905671955	1.73969430821	2.30834468458	181.336340931	25.3587169945	238.832013522	
1.0675	0.516954117332	1.75246505996	2.32052341026	180.75003689	25.3554320672	239.488119132	
1.0742	0.516858744172	1.76523703309	2.33278336538	180.322058218	25.3519944394	240.270758158	
1.0809	0.517283897932	1.77800953147	2.34512977045	179.752156996	25.3484209523	241.096351731	
1.0876	0.5175936229	1.79078185884	2.35756770357	179.335606835	25.3448900455	241.991945328	
1.0943	0.519723974786	1.80355331882	2.37010210172	178.782442349	25.3411449396	242.863774569	
1.101	0.520508649296	1.81632321495	2.38273776239	178.376120508	25.3374030648	243.857198785	
1.1077	0.519251607849	1.82909085081	2.39547934524	177.837836268	25.3335943803	245.003720761	
1.1144	0.522145944127	1.84185553001	2.408331374	177.442597269	25.3296370588	245.981700217	
1.1211	0.521859081134	1.8546165563	2.42129823846	176.918115999	25.3256028906	247.11487669	
1.1278	0.522200682205	1.8673732336	2.43438419665	176.486070534	25.3173341601	248.345096348	
1.1345	0.524966477019	1.8801248661	2.44759337703	175.851419274	25.3014845683	249.689280237	
1.1412	0.524953278728	1.89287075826	2.46092978083	175.354546199	25.2859133988	251.1596579	
1.1479	0.527427746786	1.90561021496	2.47439728447	174.750261747	25.2707339761	252.502284867	
1.1546	0.526393870773	1.91834254148	2.48799964204	174.275249639	25.255784977	254.009451388	
1.1613	0.527299022892	1.93106704362	2.50174048777	173.698412535	25.2411537694	255.415259523	
1.168	0.530017437773	1.94378302777	2.5156233387	173.242982953	25.2267986448	256.724775149	
1.1747	0.531316327023	1.95648980093	2.52965159719	172.691628362	25.212704291	258.09709687	
1.1814	0.531070896768	1.96918667083	2.54382855362	172.253678385	25.198822695	259.542119681	
1.1881	0.53203486566	1.98187294598	2.55815738901	171.823120552	25.1852499525	260.919513073	
1.1948	0.534161898979	1.99454793572	2.57264117769	171.304109451	25.1717415135	262.233561108	
1.2015	0.53417597538	2.00721095034	2.58728288998	170.889180274	25.1585025491	263.648425528	
1.2082	0.535068180926	2.0198613011	2.60208539486	170.390979253	25.145452295	265.013216074	
1.2149	0.536800715452	2.03249830034	2.6170514626	169.990329953	25.1325441591	266.330683281	
1.2216	0.536017917392	2.04512126152	2.63218376744	169.595667716	25.1198707032	267.771975927	
1.2283	0.539086100483	2.05772949934	2.64748489021	169.123883918	25.1072421557	269.009291592	
1.235	0.539476525834	2.07032232977	2.66295732094	168.742238317	25.0948305968	270.381031165	
1.2417	0.540326687735	2.08289907015	2.67860346145	168.365191885	25.0825243105	271.723578731	
1.2484	0.541671827297	2.09545903923	2.69442562791	167.917467632	25.0702890261	273.036651028	
1.2551	0.540013660155	2.10800155732	2.71042605337	167.552127374	25.0581882471	274.504448739	
1.2618	0.541998183231	2.12052594628	2.72660689025	167.191529238	25.0462541643	275.774639444	
1.2685	0.544349032714	2.13303152966	2.74297021281	166.835322778	25.0343425018	277.021339926	
1.2752	0.543524171385	2.14551763275	2.75951801957	166.414502006	25.0225266023	278.43499376	
1.2819	0.546368564313	2.15798358263	2.77625223568	166.068329207	25.0107999293	279.64761984	
1.2886	0.545864416176	2.17042870834	2.79317471527	165.726011376	24.999203562	281.03665295	
1.2953	0.545465212082	2.18285234083	2.81028724378	165.387626936	24.9875989438	282.416767568	
1.302	0.548801592606	2.19525381315	2.82759154015	164.99018006	24.976070702	283.591365439	
1.3087	0.548673845413	2.20763246047	2.84508925909	164.660354999	24.9645984116	284.952263112	
1.3154	0.548572197814	2.21998762017	2.86278199323	164.333837363	24.9531843216	286.308703323	
1.3221	0.552182966023	2.23231863191	2.88068021538	164.010412064	24.9418157851	287.457452907	
1.3288	0.552136734988	2.24462483776	2.89879685684	163.689785193	24.9304792998	288.806252883	
1.3355	0.552179438842	2.25690558218	2.91711279497	163.316112041	24.9191627579	290.149596457	
1.3422	0.552178692549	2.26916021221	2.93562941372	163.002581957	24.9078658341	291.49307261	
1.3489	0.555918373874	2.28138807746	2.95434804417	162.691431619	24.8966391785	292.62336422	
1.3556	0.555815178049	2.29358853025	2.97326996648	162.383127014	24.8853947271	293.96734657	
1.3623	0.555669165524	2.30576092565	2.99239641176	162.076901585	24.8741264199	295.312441741	
1.369	0.555403935881	2.31790462159	3.01172856392	161.773081429	24.8629122881	296.662121988	
1.3757	0.558955846397	2.33001897889	3.03126756151	161.471339525	24.851705636	297.791521766	
1.3824	0.558514907183	2.34210336141	3.05101449937	161.171365774	24.8405414999	299.14778133	
1.3891	0.557970227338	2.35415713607	3.07097043041	160.873347555	24.8292950583	300.509087016	
1.3958	0.561309246411	2.36617967294	3.0911363672	160.576653429	24.8180814589	301.644190046	
1.4025	0.560477823022	2.38134594229	3.11151262088	160.281400108	24.8068573819	303.018791103	
1.4092	0.563594305071	2.40154041966	3.13209969338	159.943076936	24.7956590878	304.162115974	
1.4159	0.562463592881	2.42173489703	3.15289962894	159.651577955	24.7843603607	305.551913984	
1.4226	0.565358871965	2.4419293744	3.17391329244	159.361322625	24.7730807524	306.70484177	
1.4293	0.563934914097	2.46212385176	3.19514151601	159.072039066	24.7618157189	308.110836639	
1.436	0.566551315052	2.48231832913	3.21658510043	158.783438467	24.7504434283	309.27709181	
1.4427	0.564762519097	2.5025128065	3.23824481643	158.495212934	24.7390775174	310.703580522	
1.4494	0.567050760533	2.52270728387	3.26012140595	158.207033143	24.7276745351	311.886588499	
1.4561	0.569195055268	2.54290176124	3.2822155834	157.918545813	24.7162301881	313.076690322	
1.4628	0.5668649259	2.5630962386	3.30452803683	157.629370899	24.7047785289	314.535435657	
1.4695	0.568692038079	2.58329071597	3.3270594291	157.339098616	24.6931996079	315.743673332	
1.4762	0.570550799758	2.60348519334	3.34981039896	157.076939757	24.6816040914	316.948792045	
1.4829	0.571998371923	2.62367967071	3.37278156216	156.781940792	24.6699485879	318.17779016	
1.4896	0.571878027562	2.64387414807	3.39597351248	156.457082387	24.658265815	319.501749499	
1.4963	0.572256410373	2.66406862544	3.4193868227	156.157606531	24.6464367191	320.795752753	
1.503	0.572569955017	2.6824165879	3.44302235958	155.879661666	24.6345690454	322.09310021	
1.5097	0.572742458748	2.69849237777	3.46688073585	155.546819041	24.6226188094	323.400322533	
1.5164	0.577215466872	2.71441173972	3.49096208225	155.234115143	24.6105797484	324.440108651	
1.5231	0.576881209644	2.73017654333	3.51526689628	154.91550346	24.5984821618	325.778177167	
1.5298	0.576307373155	2.74578867432	3.53979565899	154.590118927	24.5862071095	327.132216647	
1.5365	0.580122131994	2.76125003169	3.56454883578	154.25701798	24.5738582403	328.210924929	
1.5432	0.579031230202	2.7765625251	3.58952687717	153.915171378	24.561389846	329.598243096	
1.5499	0.577714716	2.79172807236	3.61473021953	153.563456417	24.548792737	331.001702816	
1.5566	0.580894566005	2.80674859707	3.64015928584	153.200648729	24.5360569808	332.121145933	
1.5633	0.579046220171	2.82162602641	3.66581448632	152.842923359	24.5231718218	333.560205556	
1.57	0.581778449492	2.83636228901	3.6916962191	152.436296407	24.5101618946	334.708652244	
1.5767	0.584324971411	2.85095931302	3.71780487088	152.03171378	24.4969056297	335.869181975	
1.5834	0.581745969784	2.86541902425	3.74414081752	151.625380237	24.483504352	337.359730157	
1.5901	0.583786997761	2.87974334441	3.77070442461	151.169110279	24.4699407021	338.553379804	
1.5968	0.585562889535	2.89393418955	3.79749604805	150.721350373	24.4561998513	339.763539994	
1.6035	0.587125799069	2.9079934685	3.82451603457	150.221959682	24.4422707156	340.98801003	
1.6102	0.588498112019	2.92192308146	3.85176472227	149.711052536	24.4280135593	342.225911398	
1.6169	0.589678200107	2.93572491871	3.87924244106	149.171885641	24.4135496037	343.477458655	
1.6236	0.590813937837	2.94940085941	3.90694951318	148.601681249	24.3987488936	344.735534308	
1.6303	0.59177530909	2.96295277039	3.93488625363	147.997451429	24.3835864689	346.00651123	
1.637	0.592560296703	2.97638250521	3.96305297061	147.355991391	24.3681053526	347.290536876	
1.6437	0.593253600356	2.98969190311	3.99144996593	146.684156046	24.3522399742	348.583436558	
1.6504	0.593909054261	3.00288278819	4.02007753538	145.947446267	24.335957345	349.882466553	
1.6571	0.594421698673	3.0162686622	4.04893596915	145.172830276	24.31922142	351.192737352	
1.6638	0.594893461677	3.03392121807	4.07802555214	144.345926671	24.3019928172	352.509036893	
1.6705	0.595397013213	3.05337840552	4.10734656436	143.462423247	24.2842285145	353.827502089	
1.6772	0.595822142585	3.07344450453	4.13689928121	142.517809552	24.2658815216	355.153408883	
1.6839	0.596303167417	3.0938020383	4.16668397381	141.507397568	24.2469005236	356.479669944	
1.6906	0.596885594077	3.11432889555	4.19670090929	140.426350251	24.2272294955	357.803556281	
1.6973	0.597494808404	3.13496752802	4.22695035108	139.269718696	24.2068072829	359.1283965	
1.704	0.598202925565	3.15568605992	4.25743255918	138.032488955	24.1855671478	360.450116666	
1.7107	0.599155666504	3.17646834372	4.28814779042	136.709639355	24.1634362741	361.760770087	
1.7174	0.600252503117	3.19729925607	4.31909629868	135.296209067	24.1403352287	363.064904737	
1.7241	0.601547485719	3.21817754734	4.35027833514	133.787378291	24.1161773748	364.358984515	
1.7308	0.603102193633	3.239094821	4.38169414852	132.178560133	24.0908682299	365.638897862	
1.7375	0.604984020777	3.26004857634	4.41334398523	130.465503664	24.0643047641	366.900030949	
1.7442	0.601525869843	3.28104116799	4.44522808962	128.64440714	24.0363746309	368.538974408	
1.7509	0.604201580869	3.30206706567	4.47734670416	126.71203957	24.0069553229	369.753550483	
1.7576	0.607394417007	3.32312344755	4.50970006958	124.665868056	23.975913247	370.934941285	
1.7643	0.605285821747	3.34422087462	4.54228842509	122.504187519	23.9431027081	372.493492675	
1.771	0.603769122444	3.36534610184	4.57511200848	120.226248532	23.9083647973	374.015099567	
1.7777	0.608891971115	3.38651279044	4.60817105633	117.832378311	23.8715261758	375.069656614	
1.7844	0.608879469042	3.40770892259	4.64146580409	115.324089267	23.8323977515	376.491592469	
1.7911	0.609716869813	3.42894601975	4.67499648627	112.7041692	23.7907732448	377.855227646	
1.7978	0.611597886268	3.45021876201	4.70876333653	109.976747213	23.7464276452	379.14683182	
1.8045	0.608592881361	3.47152506473	4.74276658779	107.147329769	23.6991155638	380.793556232	
1.8112	0.612847727775	3.4928769076	4.77700647236	104.222802186	23.648569493	381.916631806	
1.8179	0.612422155414	3.51426658105	4.81148322206	101.211392068	23.5944984079	383.379581364	
1.8246	0.613497189787	3.53569382191	4.84619706825	98.1225929068	23.5365984292	384.73300243	
1.8313	0.616267034117	3.55716329912	4.88114824201	94.9670479188	23.474559314	385.960647724	
1.838	0.614481656602	3.57868040465	4.91633697414	91.7563965411	23.4607167407	387.516660466	
1.8447	0.614899120916	3.60023896788	4.95176349529	88.503087892	23.4440317317	388.910639589	
1.8514	0.617615105772	3.6218403203	4.98742803604	85.2201676334	23.4214381247	390.129890786	
1.8581	0.61678497955	3.64348529014	5.02333082691	81.9210461708	23.3924182067	391.610540628	
1.8648	0.618867812199	3.66518319361	5.05947209847	78.6192572118	23.3564176814	392.869405138	
1.8715	0.617946864319	3.68692960099	5.09585208141	75.3282161598	23.3128450536	394.349691683	
1.8782	0.620687673274	3.70872378267	5.13247100655	72.0609876317	23.2610714596	395.549602193	
1.8849	0.621138266965	3.73056671153	5.16932910489	68.8300705926	23.2004310619	396.917164534	
1.8916	0.619670124527	3.75245934927	5.20642660772	65.6472082802	23.1302221433	398.425448536	
1.8983	0.623334261445	3.77440340158	5.24376374657	62.5232284103	23.0497090483	399.539104544	
1.905	0.626139254317	3.79640650935	5.28133693179	59.4682231611	22.9581350058	400.712138283	
1.9117	0.621433787206	3.81846470306	5.31914476857	56.4909424075	22.854714734	402.44741782	
1.9184	0.624029651573	3.84057770746	5.35719292806	53.598400125	22.7386213677	403.625540027	
1.9251	0.627324119698	3.86274638089	5.39548164266	50.7968515688	22.609026116	404.739964796	
1.9318	0.625106964912	3.88497175088	5.43401114525	48.0913530201	22.4650944163	406.271896363	
1.9385	0.625272029455	3.90725498165	5.47278166914	45.4857967667	22.3059963379	407.617999816	
1.9452	0.628397145917	3.9295974225	5.51179344814	42.9829679025	22.1309188307	408.727037	
1.9519	0.628347032262	3.95199969731	5.55104671657	40.584618192	21.9390798334	410.079904555	
1.9586	0.63312572852	3.97446954178	5.59054170924	38.2915523189	21.7297441746	411.051124437	
1.9653	0.628435867408	3.9970029342	5.63027866148	36.1037221359	21.5022411074	412.754847421	
1.972	0.630431024426	4.01960014104	5.67025780917	34.0203249972	21.2559832029	413.93389776	
1.9787	0.63238323315	4.04226137995	5.7104793887	32.0399028084	20.9904862089	415.113162249	
1.9854	0.635247939992	4.06498819545	5.75094363699	30.1604390341	20.7053893477	416.219636683	
1.9921	0.631560249201	4.08778144498	5.79165079152	28.3794514993	20.4004754009	417.843036628	
1.9988	0.632138555253	4.11064214902	5.8326010903	27.6524255219	27.652430868	419.303149166	
2.0055	0.637559755181	4.12601896852	5.87379477186	27.7327218419	27.7327271998	420.524168829	
2.0122	0.634367205999	4.13966564574	5.91523207528	27.8137070612	27.8137123465	422.434714817	
2.0189	0.631095561671	4.15321617005	5.95691324015	27.8953810529	27.8953862621	424.360153987	
2.0256	0.636324282434	4.1666720015	5.99883850658	27.9777436854	27.977748801	425.614100018	
2.0323	0.633014326016	4.18003410053	6.0410081152	28.060794814	28.0607998437	427.56013874	
2.039	0.638071856564	4.19330423571	6.08342230714	28.1445342895	28.1445392343	428.838116554	
2.0457	0.634440736991	4.20648335344	6.12608132401	28.228961954	28.2289668154	430.823170283	
2.0524	0.639196973453	4.21957274301	6.1689854079	28.314077642	28.3140824215	432.134128267	
2.0591	0.635217447648	4.23257383983	6.21213480139	28.3998811802	28.3998858795	434.160600387	
2.0658	0.631097549758	4.24548785115	6.25552974747	28.4863723877	28.4863770086	436.206759395	
2.0725	0.635361724274	4.25831576735	6.29917048961	28.5735510765	28.5735556205	437.572685778	
2.0792	0.639515709091	4.27105906473	6.34305727169	28.6614170507	28.6614215197	438.951614684	
2.0859	0.634891279395	4.28371867177	6.38719033797	28.7499701076	28.7499745032	441.05955728	
2.0926	0.638784823934	4.29629596753	6.43156993313	28.8392100371	28.839214361	442.470828076	
2.0993	0.634206554689	4.3087919443	6.47619630223	28.9291366221	28.9291408759	444.596016382	
2.106	0.639159902008	4.32120777994	6.52106969064	29.0197496386	29.0197538238	445.944023409	
2.1127	0.637049581615	4.33354456653	6.56619034411	29.1110488555	29.1110529737	447.898119927	
2.1194	0.636911991493	4.34580345451	6.61155850868	29.2030340352	29.2030380879	449.711575661	
2.1261	0.638347469646	4.35798546349	6.6571744307	29.2957049332	29.2957089219	451.409620964	
2.1328	0.632877860333	4.37009168206	6.70303835679	29.3890612986	29.3890652247	453.711829327	
2.1395	0.638005469058	4.38212316274	6.74915053381	29.4831028739	29.4831067388	455.140556167	
2.1462	0.636174723388	4.39408089787	6.79551120889	29.5778293953	29.5778332004	457.179306626	
2.1529	0.636086903208	4.40596594406	6.84212062933	29.6732405927	29.6732443393	459.090399365	
2.1596	0.63781443857	4.4177793262	6.88897904265	29.7693361899	29.7693398793	460.867201044	
2.1663	0.641511161591	4.42952191474	6.93608669653	29.8661159044	29.8661195379	462.497129169	
2.173	0.638304442638	4.44119484989	6.9834438388	29.9635794479	29.9635830268	464.744531884	
2.1797	0.636930522838	4.45279888484	7.03105071742	30.0617265264	30.0617300518	466.856879418	
2.1864	0.637414742814	4.46433519696	7.07890758042	30.1605568398	30.1605603129	468.830710264	
2.1931	0.63978593146	4.47580444445	7.12701467596	30.2600700825	30.2600735045	470.662061393	
2.1998	0.635204363601	4.48720775488	7.17537225222	30.3602659434	30.3602693153	473.125547757	
2.2065	0.641523164142	4.4985459563	7.22398055742	30.4611441057	30.4611474286	474.656872617	
2.2132	0.640760251663	4.50982003949	7.2728398398	30.5627042474	30.5627075224	476.832196311	
2.2199	0.641902280903	4.52103067536	7.32195034759	30.6649460412	30.6649492693	478.862199002	
2.2266	0.636038846145	4.53217869773	7.37131232897	30.7678691546	30.7678723369	481.540591094	
2.2333	0.641449276739	4.54326518793	7.42092603207	30.87147325	30.8714763875	483.244151287	
2.24	0.639581170475	4.55429100463	7.47079170494	30.975757985	30.9757610786	485.618507346	
2.2467	0.639810027821	4.56525669918	7.52090959553	31.080723012	31.0807260626	487.831987235	
2.2534	0.641553450296	4.57616305404	7.57127995166	31.1863679789	31.1863709874	489.924875457	
2.2601	0.643805199226	4.58701116819	7.62190302099	31.2926925286	31.292695496	491.969589909	
2.2668	0.646567311182	4.59780185091	7.67277905103	31.3996962999	31.399699227	493.965062251	
2.2735	0.640403750077	4.6085355363	7.72390828907	31.5073789265	31.5073818141	496.772426977	
2.2802	0.644225326554	4.6192131487	7.77529098219	31.615740038	31.6157428871	498.668564846	
2.2869	0.639244132375	4.62983543636	7.82692737725	31.7247792598	31.724782071	501.37327137	
2.2936	0.644719120245	4.6404029285	7.87881772081	31.8344962128	31.834498987	503.121618357	
2.3003	0.641123065953	4.65091697355	7.93096225918	31.9448905139	31.9448932518	505.704807848	
2.307	0.648820938792	4.66137766317	7.98336123835	32.0559617759	32.0559644783	507.256928083	
2.3137	0.648957784065	4.67178567485	8.03601490397	32.1677096076	32.1677122752	509.695372794	
2.3204	0.648878238164	4.68214216016	8.08892350134	32.2801336142	32.2801362477	512.465805736	
2.3271	0.641923312263	4.69244757636	8.14208727542	32.3932333967	32.3932359969	516.255084459	
2.3338	0.650875993157	4.70270259534	8.19550647074	32.5070085527	32.5070111202	518.970589239	
2.3405	0.648359421383	4.71290814749	8.24918133142	32.621458676	32.6214612115	523.248388902	
2.3472	0.65416614943	4.7230643556	8.30311210117	32.736583357	32.7365858611	527.215374506	
2.3539	0.656042837746	4.73317212124	8.35729902321	32.8523821827	32.852384656	531.680431945	
2.3606	0.658334059084	4.74323207623	8.4117423403	32.9688547364	32.9688571796	536.13236499	
2.3673	0.650211013282	4.75324484278	8.46644229471	33.0860005985	33.0860030122	541.633456099	
2.374	0.653270098944	4.76321103361	8.52139912816	33.203819346	33.2038217308	546.069672792	
2.3807	0.656867412194	4.77313093022	8.57661308187	33.3223105528	33.3223129093	550.35450731	
2.3874	0.660576148011	4.78300576173	8.63208439648	33.4414737898	33.4414761184	550.887522558	
2.3941	0.663994387708	4.79283580033	8.68781331206	33.5613086247	33.5613109261	551.437040848	
2.4008	0.667504649413	4.80262162234	8.74380006808	33.6818146226	33.6818168974	551.960011925	
2.4075	0.669177055372	4.81236379533	8.80004490339	33.8029913457	33.8029935943	552.690766473	
2.4142	0.668902404765	4.82206287827	8.85654805621	33.9248383532	33.9248405762	553.637369283	
2.4209	0.666890851682	4.83171942165	8.91330976411	34.047355202	34.0473573998	554.782129339	
2.4276	0.674139014993	4.8413343523	8.97033026399	34.1705605741	34.1705627578	554.839988532	
2.4343	0.668008286447	4.85090744393	9.02760979205	34.29445555	34.2944577313	556.428555188	
2.441	0.671541947942	4.86043919537	9.08514858378	34.4190188769	34.4190210561	556.893738972	
2.4477	0.673389891384	4.86993092095	9.14294687397	34.5442501105	34.5442522878	557.546453881	
2.4544	0.673471351652	4.87938315801	9.20100489663	34.6701488043	34.6701509798	558.392669777	
2.4611	0.683311166831	4.88879557644	9.25932288505	34.796714509	34.796716683	558.096658794	
2.4678	0.679839149679	4.89816864391	9.3179010717	34.9239467734	34.9239489461	559.328181886	
2.4745	0.686743802548	4.90750371684	9.3767396883	35.051845144	35.0518473155	559.362047357	
2.4812	0.680016923594	4.91680084548	9.43583896572	35.1804091651	35.1804113357	560.951237285	
2.4879	0.683811823097	4.9260605028	9.49519913404	35.3096383789	35.3096405487	561.326336681	
2.4946	0.686024374865	4.93528315471	9.55482042247	35.4395323256	35.4395344949	561.87179089	
2.5013	0.689776754313	4.94446926014	9.61470305937	35.5700883385	35.5700905063	562.373870463	
2.508	0.689786420784	4.95361927115	9.67484727225	35.7012973894	35.7012995509	564.020339962	
2.5147	0.68874353288	4.96273363309	9.7352532877	35.8331695744	35.8331717296	565.786510282	
2.5214	0.686868749296	4.97181329704	9.79592133142	35.9657044221	35.9657065713	567.654951399	
2.5281	0.695946262001	4.98085715802	9.85685162818	36.0989014595	36.0989036026	568.245524559	
2.5348	0.692058936202	4.98986770984	9.91804440186	36.2327602115	36.2327623488	570.34700975	
2.5415	0.699102134712	4.99884326692	9.97949987533	36.3672802016	36.3672823332	571.166303242	
2.5482	0.693386026602	5.00778583512	10.0412182706	36.5024609516	36.5024630776	573.488709274	
2.5549	0.698632009873	5.01669529069	10.1031998085	36.6383019818	36.6383041023	574.520989924	
2.5616	0.691105792534	5.02557203473	10.1654447091	36.7748028109	36.774804926	577.065454733	
2.5683	0.694555299302	5.03441646246	10.2279531915	36.911962956	36.9119650659	578.31412951	
2.575	0.697036403843	5.04322896325	10.2907254734	37.049781933	37.0497840377	579.676032538	
2.5817	0.698421354674	5.05201051677	10.353761772	37.1882592562	37.188261356	581.163092487	
2.5884	0.698946821197	5.06076031837	10.417062303	37.327394439	37.3273965338	582.756111023	
2.5951	0.698565807645	5.06947932722	10.4806272814	37.4671869929	37.467189083	584.459871231	
2.6018	0.697197914937	5.07816791035	10.5444569209	37.6076364287	37.6076385141	586.282020561	
2.6085	0.706582899218	5.08682642945	10.6085514343	37.7487422557	37.7487443365	586.804820027	
2.6152	0.703458789441	5.09545524091	10.6729110331	37.8905039822	37.8905060585	588.844672396	
2.6219	0.699291790532	5.10405469596	10.737535928	38.0329211152	38.0329231871	591.010027776	
2.6286	0.705935706737	5.11262447889	10.8024263282	38.1759931609	38.1759952285	591.863801302	
2.6353	0.69985478531	5.12116691626	10.8675824422	38.3197196242	38.3197216877	594.265139303	
2.642	0.704602612788	5.12968035875	10.9330044771	38.4641000093	38.4641020686	595.348588565	
2.6487	0.708390263497	5.13816579949	10.9986926389	38.6091338191	38.6091358745	596.547255541	
2.6554	0.711134796913	5.14662356499	11.0646471325	38.7548205559	38.7548226075	597.86936503	
2.6621	0.71307655734	5.15505397706	11.1308681616	38.901159721	38.9011617688	599.294964553	
2.6688	0.702326801928	5.1634572432	11.1973559288	39.0481508148	39.0481528589	602.286481753	
2.6755	0.713916737757	5.1718340051	11.2641106354	39.195793337	39.1957953774	602.515980021	
2.6822	0.713048070408	5.18018494957	11.3311324817	39.3440867864	39.3440888233	604.292503209	
2.6889	0.711099313507	5.1885105667	11.3984216665	39.4930306611	39.4930326945	606.200352023	
2.6956	0.708085830419	5.19680965392	11.4659783877	39.6426244585	39.6426264886	608.238800458	
2.7023	0.715984613589	5.20508322627	11.5338028418	39.7928676754	39.7928697023	608.923151525	
2.709	0.711217487129	5.21333157467	11.6018952242	39.9437598079	39.9437618316	611.189628095	
2.7157	0.717153443436	5.22155498592	11.6702557289	40.0953003513	40.0953023719	612.115505132	
2.7224	0.710379884564	5.22975374274	11.7388845488	40.2474888006	40.2474908182	614.635534858	
2.7291	0.714299749585	5.23792744684	11.8077818755	40.4003246501	40.4003266647	615.811834366	
2.7358	0.717444873763	5.24607840413	11.8769478994	40.5538073934	40.5538094052	617.091629362	
2.7425	0.719503310575	5.25420485442	11.9463828095	40.7079365238	40.7079385329	618.504210066	
2.7492	0.720405496042	5.26230774187	12.0160867937	40.8627115341	40.8627135405	620.056961186	
2.7559	0.720637302309	5.27038667804	12.0860600384	41.0181319166	41.0181339203	621.706537468	
2.7626	0.71963710831	5.27844387806	12.156302729	41.174197163	41.1741991642	623.505032465	
2.7693	0.717296429913	5.28647764254	12.2268150493	41.3309067649	41.3309087636	625.463348691	
2.776	0.719984426983	5.29448824321	12.2975971821	41.4882602132	41.4882622095	626.577279155	
2.7827	0.722589710998	5.30247720066	12.3686493087	41.6462569985	41.6462589926	627.734057363	
2.7894	0.724440146464	5.31044412137	12.4399716091	41.8048966113	41.8048986031	628.99600549	
2.7961	0.72611858825	5.31838924747	12.5092515799	41.9588732846	41.9588764008	630.309805577	
2.8028	0.727996259799	5.3263128177	12.5767013502	42.1040380118	42.1040411224	631.641245465	
2.8095	0.717801845869	5.33421506753	12.6443834391	42.2497721299	42.249775235	634.551772581	
2.8162	0.729688918463	5.34209682245	12.7122978827	42.3960747102	42.39607781	634.605620694	
2.8229	0.71926901512	5.34995653168	12.7804447163	42.5429448271	42.5429479216	637.616747488	
2.8296	0.720740919111	5.35779620091	12.8488239739	42.690381557	42.6903846464	639.13637506	
2.8363	0.721066235116	5.36561545965	12.9174356888	42.8383839792	42.8383870637	640.800897162	
2.843	0.731922942196	5.37341452765	12.9862798932	42.9869511755	42.986954255	641.090479029	
2.8497	0.731514151425	5.38119362167	13.0553566181	43.1360822298	43.1360853046	642.898225094	
2.8564	0.730414545147	5.38895295551	13.1246658937	43.285776229	43.2857792991	644.810494422	
2.8631	0.729821553265	5.39669274006	13.1942077492	43.4360322623	43.4360353278	646.714395603	
2.8698	0.728144907166	5.40441372264	13.2639822128	43.5868494213	43.5868524823	648.761249231	
2.8765	0.725754069688	5.41211449065	13.3339893115	43.7382268002	43.7382298569	650.916835209	
2.8832	0.735469697521	5.41979686439	13.4042290714	43.8901634957	43.8901665481	651.531792479	
2.8899	0.732795127826	5.42746050431	13.4747015176	44.0426586069	44.0426616551	653.794885894	
2.8966	0.729146216348	5.4351061191	13.5454066741	44.1957112353	44.1957142795	656.193862812	
2.9033	0.735761767582	5.44273236825	13.6163445639	44.3493204851	44.3493235253	657.220413385	
2.91	0.730055237627	5.45034147617	13.6875152089	44.5034854627	44.503488499	659.902353881	
2.9167	0.736679026471	5.45793211811	13.75891863	44.6582052769	44.6582083094	661.006914827	
2.9234	0.731043584812	5.46550450184	13.830554847	44.8134790392	44.813482068	663.769310586	
2.9301	0.735528494565	5.47305978592	13.9024238788	44.9693058633	44.9693088886	665.162874202	
2.9368	0.738839025839	5.48059813096	13.974525743	45.1256848655	45.1256878872	666.710897178	
2.9435	0.740954363981	5.48811877033	14.0468604564	45.2826151641	45.2826181824	668.417199373	
2.9502	0.741966085023	5.49562235761	14.1194280346	45.4400958803	45.4400988952	670.274462123	
2.9569	0.7441174035	5.50310906752	14.1922284922	45.5981261373	45.598129149	672.062303514	
2.9636	0.745374945478	5.51057907245	14.2652618425	45.7567050609	45.7567080694	673.981884885	
2.9703	0.745094602114	5.51803210888	14.3385280981	45.915831779	45.9158347845	676.098615754	
2.977	0.744143264779	5.52546964576	14.4120272703	46.0755054222	46.0755084247	678.32782968	
2.9837	0.742697558132	5.5328901286	14.4857593693	46.2357251231	46.2357281227	680.65296321	
2.9904	0.740435624528	5.54029500031	14.5597244044	46.3964900168	46.3964930136	683.107195815	
2.9971	0.748053095958	5.54768399589	14.6339223837	46.5577992407	46.5578022347	684.181602606	
3.0038	0.743389815189	5.55505767203	14.7083533143	46.7196519344	46.7196549257	686.972184824	
3.0105	0.748782580233	5.56241499403	14.783017202	46.8820472399	46.8820502287	688.360096824	
3.0172	0.753113841544	5.56975730915	14.8579140518	47.0449843015	47.0449872877	689.899446817	
3.0239	0.745148297222	5.57708474859	14.9330438675	47.2084622656	47.2084652493	693.174678617	
3.0306	0.747064034748	5.58439633784	15.0084066519	47.3724802809	47.3724832623	695.057341336	
3.0373	0.747640733384	5.59169371252	15.0840024064	47.5370374985	47.5370404776	697.12527899	
3.044	0.747360373001	5.59897591646	15.1598311318	47.7021330716	47.7021360485	699.330936544	
3.0507	0.756705029676	5.60624346309	15.2358928274	47.8677661555	47.8677691303	700.155087675	
3.0574	0.753749497269	5.61349649613	15.3121874916	48.0339359079	48.0339388806	702.736695356	
3.0641	0.749763380099	5.62073515747	15.3887151217	48.2006414887	48.2006444594	705.478545721	
3.0708	0.755502328111	5.6279595872	15.4654757139	48.3678820598	48.3678850285	706.82232084	
3.0775	0.75997265897	5.63516960804	15.5424692633	48.5356567853	48.5356597521	708.346577084	
3.0842	0.752032418188	5.64236599531	15.6196957639	48.7039648315	48.7039677966	711.66375257	
3.0909	0.754092662541	5.64954886121	15.6971552087	48.8728053669	48.8728083302	713.547083607	
3.0976	0.754795040488	5.65671743747	15.7748475894	49.0421775619	49.0421805236	715.626457425	
3.1043	0.754107902187	5.66387275702	15.8527728968	49.2120805894	49.2120835494	717.907254446	
3.111	0.763148324065	5.67101492694	15.9309311206	49.3825136239	49.3825165824	718.768629879	
3.1177	0.759956690348	5.67814351243	16.0093222493	49.5534758422	49.5534787993	721.426028898	
3.1244	0.76636643374	5.68525866305	16.0879462704	49.7249664234	49.724969379	722.672327563	
3.1311	0.760399779106	5.69236103633	16.1668031703	49.8969845483	49.8969875026	725.743325939	
3.1378	0.764038644794	5.69945073281	16.2458929342	50.0695294	50.0695323529	727.399224829	
3.1445	0.766201404218	5.70652737265	16.3252155465	50.2426001633	50.242603115	729.270350057	
3.1512	0.767155164225	5.7135913311	16.4047709901	50.4161960253	50.4161989759	731.330691135	
3.1579	0.766588359623	5.72064272715	16.4845592472	50.5903161751	50.5903191245	733.61602694	
3.1646	0.764686359675	5.72768146221	16.5645802986	50.7649598035	50.7649627519	736.108509809	
3.1713	0.761254708999	5.73470809247	16.6448341243	50.9401261036	50.940129051	738.830785129	
3.178	0.767200413385	5.74172270936	16.7253207029	51.1158142702	51.1158172167	740.145158679	
3.1847	0.771781641537	5.74872482427	16.8060400123	51.2920235003	51.2920264458	741.66792909	
3.1914	0.764056319311	5.75571533606	16.886992029	51.4687529925	51.4687559372	745.056818343	
3.1981	0.765588999493	5.76269377679	16.9681767285	51.6460019475	51.6460048915	747.045043859	
3.2048	0.765493318502	5.76966044851	17.0495940852	51.823769568	51.8237725112	749.27865344	
3.2115	0.774840725537	5.77661545914	17.1312440726	52.0020550584	52.0020580009	750.080113805	
3.2182	0.771738317433	5.78355876166	17.213126663	52.1808576249	52.1808605668	752.781937543	
3.2249	0.777830865795	5.79049092234	17.2952418275	52.3601764759	52.3601794172	754.075129128	
3.2316	0.771510527486	5.79741144644	17.3775895362	52.5400108212	52.540013762	757.279195775	
3.2383	0.774357704252	5.80432087409	17.4601697583	52.7203598728	52.7203628131	759.07548696	
3.245	0.775420362505	5.81121916114	17.5429824618	52.9012228442	52.9012257841	761.143272516	
3.2517	0.775037300262	5.8181065221	17.6260276135	53.082598951	53.0826018906	763.447685218	
3.2584	0.772704093771	5.82498281999	17.7093051794	53.2644874104	53.2644903496	766.047919611	
3.2651	0.7796000764	5.8318482749	17.7928151242	53.4468874414	53.4468903803	767.221390007	
3.2718	0.773994882952	5.83870298371	17.8765574116	53.6297982646	53.6298012034	770.348798673	
3.2785	0.777186991651	5.84554695991	17.9605320044	53.8132191027	53.8132220413	772.096201713	
3.2852	0.778733524085	5.85238047061	18.0447388641	53.9971491799	53.9971521183	774.109513663	
3.2919	0.778458850787	5.85920358531	18.1291779513	54.181587722	54.1815906603	776.412364962	
3.2986	0.78693623844	5.86601625592	18.2138492255	54.3665339567	54.366536895	777.328283288	
3.3053	0.782743480992	5.87281864803	18.2987526451	54.5519871134	54.5519900517	780.248727478	
3.312	0.787420179094	5.87961080977	18.3838881676	54.7379464229	54.7379493613	781.767136271	
3.3187	0.779633342156	5.8863929227	18.4692557493	54.924411118	54.9244140564	785.281145586	
3.3254	0.780473499845	5.89316502482	18.5548553454	55.1113804329	55.1113833715	787.420818223	
3.3321	0.789695594631	5.8999272033	18.6406869102	55.2988536035	55.2988565423	788.205523635	
3.3388	0.786507634536	5.90667954432	18.726750397	55.4868298674	55.4868328064	790.995771096	
3.3455	0.791848216393	5.91342213305	18.813045758	55.6753084637	55.6753114029	792.412174473	
3.3522	0.784421649887	5.9201550473	18.8995729442	55.864288633	55.8642915726	795.892928162	
3.3589	0.785367456565	5.92687838949	18.9863319059	56.0537696178	56.0537725577	798.018881213	
3.3656	0.794970598469	5.93359220006	19.073322592	56.2437506617	56.243753602	798.747487435	
3.3723	0.791558053008	5.94029660394	19.1605449506	56.4342310103	56.434233951	801.587532052	
3.379	0.796514240854	5.94699166703	19.2479989288	56.6252099103	56.6252128515	803.063433722	
3.3857	0.788741970523	5.95367751599	19.3356844726	56.8166866104	56.8166895521	806.635081231	
3.3924	0.789187074511	5.96035414334	19.4236015269	57.0086603603	57.0086633026	808.862022926	
3.3991	0.797571428106	5.96702166578	19.5117500358	57.2011304117	57.2011333545	809.769399291	
3.4058	0.79320270369	5.97368016018	19.6001299423	57.3940960173	57.3940989607	812.794207131	
3.4125	0.796867497435	5.98032962262	19.6887411881	57.5875564315	57.5875593756	814.489145964	
3.4192	0.798011216957	5.98697027985	19.7775837144	57.7815109103	57.7815138551	816.602690005	
3.4259	0.796783098072	5.99360223083	19.8666574611	57.9759587109	57.9759616564	819.122865834	
3.4326	0.80327580214	6.00022536458	19.9559623671	58.1708990919	58.1709020382	820.343123144	
3.4393	0.796655055934	6.00683972905	20.0454983703	58.3663313136	58.3663342607	823.768054802	
3.446	0.79791222389	6.01344573461	20.1352654078	58.5622546374	58.5622575854	825.877100406	
3.4527	0.796340198708	6.02004298447	20.2252634154	58.7586683263	58.7586712751	828.461991102	
3.4594	0.802460730353	6.0266320498	20.3154923282	58.9555716445	58.9555745942	829.749039107	
3.4661	0.805715442904	6.03321261206	20.4059520802	59.1529638577	59.1529668083	831.518877777	
3.4728	0.806004630489	6.03978471516	20.4966426044	59.3508442329	59.3508471845	833.793214257	
3.4795	0.803354600947	6.04634872717	20.5875638328	59.5492120384	59.549214991	836.575709457	
3.4862	0.807996892403	6.05290456946	20.6787156965	59.7480665439	59.7480694976	838.104593618	
3.4929	0.809711024807	6.05945230855	20.7700981256	59.9474070204	59.9474099752	840.144973168	
3.4996	0.808305742609	6.06599219767	20.8617110492	60.1472327403	60.1472356961	842.729414633	
3.5063	0.803537070374	6.07252373959	20.9535543955	60.3475429769	60.3475459339	845.894384304	
3.513	0.805867828316	6.07904756101	21.0456280918	60.5483370053	60.5483399635	847.832403736	
3.5197	0.804992047461	6.08556375065	21.1379320642	60.7496141015	60.7496170609	850.338245843	
3.5264	0.810717527796	6.09207173412	21.2304662381	60.9513735429	60.9513765035	851.674998155	
3.5331	0.813085698844	6.09857244032	21.3232305379	61.1536146081	61.15361757	853.606034476	
3.5398	0.812031511799	6.10506526846	21.4162248869	61.3563365769	61.3563395402	856.151962376	
3.5465	0.817499261932	6.11155050035	21.5094492077	61.5595387305	61.5595416951	857.534664667	
3.5532	0.819252202913	6.11802794206	21.6029034217	61.7632203511	61.7632233171	859.578997423	
3.5599	0.817034057691	6.12449815351	21.6965874496	61.9673807222	61.9673836895	862.33161595	
3.5666	0.810932710973	6.13096094785	21.7905012111	62.1720191285	62.1720220972	865.789886708	
3.5733	0.821485194834	6.13741638355	21.8846446249	62.3771348557	62.3771378258	866.253454488	
3.58	0.81754483749	6.14386451845	21.9790176088	62.5827271908	62.5827301625	869.335525623	
3.5867	0.820781770378	6.15030570609	22.0736200798	62.7887954221	62.7887983952	871.097796367	
3.5934	0.81969088364	6.15673911415	22.1684519539	62.9953388388	62.9953418134	873.308785979	
3.6001	0.81442370468	6.1631660008	22.2635131462	63.2023567312	63.2023597075	876.307493607	
3.6068	0.816213148493	6.16958550726	22.3588035708	63.409848391	63.4098513689	878.013461094	
3.6135	0.818136305242	6.17599799315	22.454323141	63.6178131109	63.6178160903	879.699396354	
3.6202	0.819990885315	6.18240317428	22.5500717693	63.8262501844	63.8262531655	881.391997608	
3.6269	0.821778157799	6.18880177293	22.6460493671	64.0351589065	64.0351618892	883.091122222	
3.6336	0.823882804045	6.19519386767	22.7422558451	64.244538573	64.2445415575	884.745216484	
3.6403	0.825992189893	6.20157880877	22.8386911129	64.4543884811	64.4543914672	886.395831007	
3.647	0.828057050123	6.20795699527	22.9353550794	64.6647079285	64.6647109165	888.049509398	
3.6537	0.830075926586	6.21432809791	23.0322476526	64.8754962146	64.8754992043	889.70638432	
3.6604	0.821946337908	6.22069331023	23.1293687396	65.0867526393	65.0867556308	893.269026049	
3.6671	0.824210071608	6.22705154024	23.2267182466	65.2984765038	65.2984794971	894.892036102	
3.6738	0.826456188131	6.23340321877	23.3242960789	65.5106671102	65.5106701054	896.514017411	
3.6805	0.828682401563	6.23974839533	23.4221021411	65.7233237618	65.7233267589	898.135257035	
3.6872	0.831166527311	6.2460866956	23.5201363368	65.9364457627	65.9364487617	899.7176338	
3.6939	0.833744518695	6.25241900618	23.6183985688	66.150032418	66.1500354189	901.283256188	
3.7006	0.825908498944	6.25874496027	23.716888739	66.3640830339	66.3640860367	904.810631556	
3.7073	0.828379685566	6.26506505424	23.8156067486	66.5785969174	66.5785999222	906.389097067	
3.714	0.830884454549	6.27137798861	23.9145524978	66.7935733766	66.7935763834	907.958862158	
3.7207	0.83370462859	6.2776851565	24.013725886	67.0090117206	67.0090147294	909.480740508	
3.7274	0.836558280388	6.28398615518	24.1131268118	67.2249112592	67.2249142701	910.993388018	
3.7341	0.839447577971	6.29028103029	24.2127551731	67.4412713033	67.4412743163	912.496452138	
3.7408	0.831892585745	6.29656982703	24.3126108667	67.6580911648	67.6580941799	915.988440923	
3.7475	0.834719623573	6.30285309023	24.4126937888	67.8753701564	67.8753731735	917.497093897	
3.7542	0.837791063482	6.30912936403	24.5130038347	68.0931075916	68.0931106109	918.966651547	
3.7609	0.840999619806	6.31540019246	24.613540899	68.311302785	68.3113058064	920.411775091	
3.7676	0.833906147215	6.32166511891	24.7143048752	68.529955052	68.5299580756	923.83806319	
3.7743	0.837085859565	6.32792472069	24.8152956564	68.749063709	68.7490667348	925.283260387	
3.781	0.840344325156	6.33417743755	24.9165131346	68.9686280729	68.968631101	926.711701036	
3.7877	0.84368604025	6.34042491451	25.0179572012	69.188647462	69.1886504922	928.122647964	
3.7944	0.836795906696	6.34666665907	25.1196277466	69.409121195	69.4091242275	931.518231339	
3.8011	0.84033385623	6.35290271258	25.2215246607	69.6300485916	69.6300516264	932.896747517	
3.8078	0.843976195523	6.35913369316	25.3236478324	69.8514289725	69.8514320096	934.254027008	
3.8145	0.847728639226	6.36535849568	25.4259971498	70.073261659	70.0732646985	935.589041209	
3.8212	0.841213170361	6.37157713457	25.5285725005	70.2955459734	70.2955490152	938.929103917	
3.8279	0.844999415007	6.37779143254	25.6313737711	70.5182812386	70.5182842828	940.253546588	
3.8346	0.848914546982	6.38399903459	25.7344008474	70.7414667786	70.7414698252	941.552470071	
3.8413	0.842668973226	6.39020178845	25.8376536147	70.9651019179	70.9651049669	944.84989448	
3.848	0.846639668027	6.39639975859	25.9411319572	71.189185982	71.1891890334	946.13449106	
3.8547	0.850757163793	6.4025910972	26.0448357587	71.4137182972	71.413721351	947.390281276	
3.8614	0.844773542749	6.40877772831	26.1487649021	71.6386981903	71.6387012466	950.645683726	
3.8681	0.848967892976	6.4149597153	26.2529192694	71.8641249891	71.864128048	951.88338977	
3.8748	0.853334870407	6.42113513185	26.3572987422	72.0899980223	72.0900010836	953.087687664	
3.8815	0.847641473648	6.42730597838	26.461903201	72.3163166191	72.3163196829	956.296527868	
3.8882	0.852146081374	6.43347231724	26.566732526	72.5430801094	72.5430831758	957.473027565	
3.8949	0.856832933418	6.43963214353	26.6717865963	72.7702878242	72.7702908932	958.613784298	
3.9016	0.851349956208	6.44578823179	26.7770652905	72.9979390949	72.9979421664	961.787244171	
3.9083	0.856133949238	6.45193784433	26.8825684864	73.2260332537	73.2260363278	962.904902447	
3.915	0.850923930279	6.45808310916	26.988296061	73.4545696336	73.4545727104	966.032792349	
3.9217	0.855809105881	6.46422408701	27.0942478909	73.6835475683	73.6835506477	967.12631342	
3.9284	0.860899685058	6.47035864192	27.2004238517	73.9129663922	73.9129694742	968.179491618	
3.9351	0.855859349566	6.47648971935	27.3068238184	74.1428254403	74.1428285251	971.276969907	
3.9418	0.861133535629	6.48261440741	27.4134476654	74.3731240486	74.373127136	972.292490113	
3.9485	0.856380549153	6.48873572001	27.5202952662	74.6038615533	74.6038646435	975.341766994	
3.9552	0.861804112094	6.49485144222	27.6273664939	74.8350372918	74.8350403847	976.323936622	
3.9619	0.857275693944	6.50096235641	27.7346612207	75.0666506018	75.0666536974	979.334022797	
3.9686	0.862850465893	6.50706771129	27.8421793183	75.2987008218	75.2987039202	980.281844787	
3.9753	0.858522518329	6.51316989114	27.9499206575	75.5311872911	75.5311903923	983.256046566	
3.982	0.864249234297	6.51926577485	28.0578851087	75.7641093495	75.7641124534	984.168665237	
3.9887	0.860097603444	6.52535777208	28.1660725414	75.9974663373	75.9974694441	987.11031634	
3.9954	0.86597604719	6.53144594027	28.2744828247	76.2312575959	76.2312607055	987.987010768	
4.0021	0.861977178459	6.53752785494	28.3831158268	76.465482467	76.4654855795	990.899368912	
4.0088	0.868005866342	6.54360683861	28.4919714154	76.700140293	76.7001434083	991.739616794	
4.0155	0.864295748831	6.54967959574	28.6010494576	76.935230417	76.9352335352	994.60185626	
4.0222	0.870697065029	6.55574951755	28.7103498197	77.1707521826	77.1707553037	995.370704112	
4.0289	0.867133285061	6.56181410054	28.8198723674	77.4067049341	77.4067080581	998.204231889	
4.0356	0.87370622357	6.5678742191	28.929616966	77.6430880165	77.6430911434	998.930968406	
4.0423	0.870215534515	6.57392902363	29.0395834799	77.8799007753	77.8799039051	1001.74669964	
4.049	0.876950246517	6.57998029316	29.1497717729	78.1171425566	78.1171456894	1002.43211305	
4.0557	0.873769329396	6.58602718624	29.2601817085	78.3548127071	78.3548158429	1005.19308344	
4.0624	0.870780699974	6.59206973166	29.3708131492	78.5929105743	78.5929137131	1007.91952822	
4.0691	0.877847255176	6.598107958	29.481665957	78.8314355059	78.8314386478	1008.53377425	
4.0758	0.874862974315	6.60414189355	29.5927399935	79.0703868506	79.0703899955	1011.25207639	
4.0825	0.872123703509	6.61017249756	29.7040351195	79.3097639574	79.3097671053	1013.92737777	
4.0892	0.879559243277	6.61619794414	29.8155511952	79.549566176	79.5495693269	1014.46278281	
4.0959	0.87700187732	6.62221918338	29.9272880803	79.7897928566	79.7897960106	1017.10199772	
4.1026	0.874534215393	6.62823528541	30.039245634	80.03044335	80.0304465071	1019.72221956	
4.1093	0.882191381822	6.63424914896	30.1514237147	80.2715170076	80.2715201678	1020.19925157	
4.116	0.880032246639	6.64025695469	30.2638221803	80.5130131813	80.5130163446	1022.76279145	
4.1227	0.877917281366	6.6462616269	30.3764408883	80.7549312236	80.75493439	1025.31439323	
4.1294	0.885829521522	6.65226321801	30.4892796954	80.9972704876	80.9972736571	1025.72565349	
4.1361	0.884031499947	6.65825877849	30.6023384579	81.2400303267	81.2400334994	1028.21819962	
4.1428	0.882227634505	6.66425161915	30.7156170313	81.4832100952	81.4832132711	1030.70664201	
4.1495	0.880533020454	6.67024086432	30.829115271	81.7268091477	81.7268123268	1033.17267446	
4.1562	0.889062697602	6.67622627713	30.9428330313	81.9708268394	81.9708300217	1033.4533061	
4.1629	0.887518364391	6.68220665954	31.0567701664	82.215262526	82.2152657115	1035.88581907	
4.1696	0.886194059998	6.68818515814	31.1709265298	82.4601155637	82.4601187525	1038.27794604	
4.1763	0.885082080353	6.69415774088	31.2853019743	82.7053853094	82.7053885014	1040.63103635	
4.183	0.883896192146	6.70012846197	31.3998963525	82.9510711203	82.9510743155	1042.9904661	
4.1897	0.89295777806	6.70609334371	31.5147095162	83.1971723542	83.1971755527	1043.14319731	
4.1964	0.892000155163	6.71205540168	31.6297413167	83.4436883694	83.4436915713	1045.45518648	
4.2031	0.89127242437	6.71801463938	31.744991605	83.6906185248	83.69062173	1047.72478587	
4.2098	0.890662065338	6.72396815099	31.8604602313	83.9379621797	83.9379653882	1049.96998024	
4.2165	0.890121026479	6.72991985267	31.9761470455	84.1857186939	84.1857219057	1052.19827903	
4.2232	0.889824992143	6.73586685876	32.0920518969	84.4338874278	84.4338906429	1054.38145588	
4.2299	0.88949645683	6.7418092131	32.2081746343	84.6824677421	84.6824709605	1056.56406601	
4.2366	0.899278269428	6.74774978614	32.324515106	84.9314589981	84.93146222	1056.53562495	
4.2433	0.899108611524	6.75368575338	32.4410731598	85.1808605577	85.180863783	1058.67924694	
4.25	0.89926853516	6.75961808663	32.5578486431	85.4306717832	85.4306750118	1060.76312354	
4.2567	0.899377017172	6.76554588674	32.6748414028	85.6808920373	85.6808952693	1062.84935324	
4.2634	0.899744998245	6.77147194103	32.7920512851	85.9315206832	85.9315239187	1064.88697338	
4.2701	0.900153841092	6.77739259869	32.909478136	86.1825570847	86.1825603236	1066.9116354	
4.2768	0.900686077148	6.7833106261	33.0271218009	86.4340006059	86.4340038483	1068.90969914	
4.2835	0.901412680082	6.78922602444	33.1449821247	86.6858506116	86.6858538574	1070.86933531	
4.2902	0.902066690043	6.79513702004	33.2630589519	86.9381064668	86.9381097161	1072.83437197	
4.2969	0.903123834674	6.80104365496	33.3813521266	87.1907675371	87.1907707899	1074.72620218	
4.3036	0.904084220801	6.80694771823	33.4998614922	87.4438331886	87.4438364449	1076.62718868	
4.3103	0.905255502574	6.81284834362	33.618586892	87.6973027877	87.6973060475	1078.48631585	
4.317	0.906588884807	6.81874555205	33.7375281685	87.9511757015	87.9511789649	1080.31142823	
4.3237	0.907868087541	6.82464021723	33.856685164	88.2054512974	88.2054545643	1082.13830651	
4.3304	0.909486171197	6.83053064697	33.9760577203	88.4601289432	88.4601322137	1083.90119912	
4.3371	0.911177801372	6.83641688233	34.0956456787	88.7152080073	88.7152112813	1085.64423051	
4.3438	0.912852401653	6.84230146116	34.2154488801	88.9706878584	88.970691136	1087.38251786	
4.3505	0.905042723694	6.84818188599	34.335467165	89.2265678657	89.2265711469	1091.27632407	
4.3572	0.907076023017	6.85405819737	34.4557003735	89.4828473988	89.4828506837	1092.94399416	
4.3639	0.909132677889	6.85993287082	34.5761483451	89.739525828	89.7395291164	1094.59961421	
4.3706	0.91129574568	6.86580347026	34.6968109192	89.9966025236	89.9966058157	1096.22895416	
4.3773	0.913788216888	6.87167083374	34.8176879346	90.2540768567	90.2540801524	1097.79407697	
4.384	0.916342279187	6.87753418955	34.9387792295	90.5119481986	90.5119514979	1099.34002801	
4.3907	0.918960900849	6.88339593001	35.0600846422	90.7702159211	90.7702192241	1100.86618864	
4.3974	0.91184947943	6.88925292372	35.18160401	91.0288793966	91.0288827033	1104.61385881	
4.4041	0.91480090434	6.89510831248	35.3033371703	91.2879379976	91.287941308	1106.07171055	
4.4108	0.917857050369	6.90095901963	35.4252839599	91.5473910974	91.5473944115	1107.50213156	
4.4175	0.92102192552	6.906807375	35.5474442151	91.8072380693	91.8072413872	1108.90426846	
4.4242	0.914578562459	6.91265262663	35.669817772	92.0674782874	92.067481609	1112.51857365	
4.4309	0.917843146791	6.91849553571	35.7924044664	92.3281111261	92.3281144514	1113.89109299	
4.4376	0.92129634662	6.92433389175	35.9152041334	92.5891359601	92.5891392891	1115.220992	
4.4443	0.925043097397	6.93016994146	36.0382166079	92.8505521645	92.8505554974	1116.48966054	
4.451	0.919160876498	6.93600295984	36.1614417246	93.1123591151	93.1123624518	1119.98856421	
4.4577	0.92303952171	6.94183368001	36.2848793176	93.3745561879	93.3745595283	1121.22080221	
4.4644	0.927102183454	6.94766068199	36.4085292206	93.6371427593	93.6371461035	1122.40961033	
4.4711	0.921593693282	6.95348470552	36.5323912673	93.9001182061	93.9001215541	1125.82808435	
4.4778	0.925822022776	6.95930576796	36.6564652906	94.1634819056	94.1634852574	1126.97381375	
4.4845	0.930268221975	6.9651231987	36.7807511233	94.4272332354	94.4272365911	1128.06894326	
4.4912	0.92511603331	6.97093907837	36.9052485979	94.6913715737	94.6913749333	1131.40997192	
4.4979	0.929758720742	6.97675068633	37.0299575464	94.9558962988	94.9558996623	1132.45541755	
4.5046	0.924970412973	6.98256008232	37.1548778006	95.2208067898	95.2208101571	1135.71994853	
4.5113	0.929821504282	6.98836726244	37.2800091917	95.4861024258	95.486105797	1136.71284162	
4.518	0.934932964285	6.99417026227	37.405351551	95.7517825864	95.7517859616	1137.64577747	
4.5247	0.930442372214	6.99997107931	37.5309047092	96.0178466519	96.0178500309	1140.84275178	
4.5314	0.935789014924	7.00576906957	37.6566684965	96.2842940026	96.2842973856	1141.71658138	
4.5381	0.931598043018	7.01156424929	37.7826427433	96.5511240195	96.5511274064	1144.84820541	
4.5448	0.937184131527	7.01735663458	37.9088272791	96.8183360837	96.8183394746	1145.66122622	
4.5515	0.933260988074	7.02314624144	38.0352219336	97.085929577	97.0859329718	1148.73292804	
4.5582	0.939088119164	7.02893369798	38.1618265359	97.3539038813	97.3539072801	1149.48385052	
4.5649	0.935399673259	7.03471718329	38.2886409147	97.6222583792	97.622261782	1152.50128759	
4.5716	0.941466467327	7.0404985497	38.4156648988	97.8909924535	97.8909958603	1153.18933146	
4.5783	0.9380887286	7.04627779212	38.5428983163	98.1601054873	98.1601088981	1156.13860473	
4.585	0.935021758357	7.0520537359	38.6703409951	98.4295968643	98.4296002791	1159.02414632	
4.5917	0.941470671623	7.05782699484	38.7979927631	98.6994659685	98.6994693874	1159.61758252	
4.5984	0.93855408184	7.06359758412	38.9258534475	98.9697121843	98.9697156072	1162.46327523	
4.6051	0.945261963886	7.06936495471	39.0539228754	99.2403348965	99.2403383234	1162.98712415	
4.6118	0.942460283671	7.07513081403	39.1822008738	99.5113334901	99.5113369212	1165.79931966	
4.6185	0.940104303225	7.08089293411	39.310687269	99.7827073508	99.782710786	1168.52282313	
4.6252	0.947270467333	7.08665354511	39.4393818875	100.054455865	100.054459304	1168.93398468	
4.6319	0.944966460091	7.09241047377	39.5682845551	100.326578418	100.326581861	1171.63500036	
4.6386	0.942796094426	7.09816536532	39.6973950977	100.599074397	100.599077844	1174.30349357	
4.6453	0.950440875966	7.10391769065	39.8267133408	100.871943189	100.87194664	1174.5952039	
4.652	0.948608830348	7.10966746414	39.9562391095	101.145184181	101.145187637	1177.18854481	
4.6587	0.946851490608	7.11541520931	40.0859722287	101.418796762	101.418800222	1179.76038786	
4.6654	0.95489569721	7.12115941253	40.2159125233	101.69278032	101.692783784	1179.94351278	
4.6721	0.953485377268	7.12690161565	40.3460598177	101.967134243	101.967137711	1182.43695929	
4.6788	0.952100170188	7.13264181208	40.4764139361	102.24185792	102.241861393	1184.91811879	
4.6855	0.951022691834	7.13837903141	40.6069747025	102.516950741	102.516954217	1187.33476951	
4.6922	0.950099513852	7.14411330799	40.7377419406	102.792412095	102.792415576	1189.71515856	
4.6989	0.958608847932	7.14984608049	40.8687154739	103.068241372	103.068244857	1189.75858349	
4.7056	0.958011873721	7.15557593747	40.9998951257	103.344437964	103.344441453	1192.06225349	
4.7123	0.957348451222	7.16130336744	41.131280719	103.62100126	103.621004753	1194.37043213	
4.719	0.95696630406	7.16702838379	41.2628720767	103.897930652	103.89793415	1196.61827996	
4.7257	0.956678088551	7.17275055904	41.3946690214	104.175225532	104.175229034	1198.84058993	
4.7324	0.956533518467	7.17847122873	41.5266713754	104.452885292	104.452888798	1201.02800651	
4.7391	0.95658254554	7.18418908366	41.6588789609	104.730909324	104.730912834	1203.17112797	
4.7458	0.956708059689	7.18990415737	41.7912915999	105.00929702	105.009300535	1205.29184472	
4.7525	0.966508009135	7.1956177236	41.9239091141	105.288047775	105.288051294	1205.00079805	
4.7592	0.966891091209	7.20132853441	42.056731325	105.567160981	105.567164505	1207.05389646	
4.7659	0.967455428616	7.20703662307	42.1897580541	105.846636033	105.846639561	1209.06414934	
4.7726	0.968184778169	7.21274280862	42.3229891224	106.126472325	106.126475857	1211.03445435	
4.7793	0.968964128601	7.21844669707	42.4564243508	106.406669251	106.406672788	1212.98650942	
4.786	0.970061807003	7.22414830093	42.5900635602	106.687226206	106.687229747	1214.86908153	
4.7927	0.971091703906	7.22984763263	42.7239065711	106.968142586	106.968146132	1216.75554971	
4.7994	0.972488374728	7.23554507014	42.8579532038	107.249417787	107.249421337	1218.56278157	
4.8061	0.964497879619	7.24123952885	42.9922032786	107.531051204	107.531054759	1222.7382309	
4.8128	0.965947105645	7.24693211783	43.1266566155	107.813042235	107.813045794	1224.52085107	
4.8195	0.967768121908	7.25262248354	43.2613130344	108.095390276	108.095393839	1226.22286875	
4.8262	0.969610256137	7.25831063802	43.3961723548	108.378094725	108.378098292	1227.91103181	
4.8329	0.971493579568	7.26399692476	43.5312343963	108.661154978	108.66115855	1229.58137168	
4.8396	0.97377450773	7.26968068571	43.6664989782	108.944570435	108.944574012	1231.16510513	
4.8463	0.976116140662	7.27536227102	43.8019659197	109.228340493	109.228344075	1232.72664463	
4.853	0.978524838161	7.28104169242	43.9376350398	109.512464552	109.512468138	1234.26459717	
4.8597	0.971737134659	7.28671865721	44.0735061573	109.79694201	109.796945601	1238.15961701	
4.8664	0.974517689552	7.29239379238	44.2095790909	110.081772268	110.081775863	1239.60948594	
4.8731	0.977411421311	7.29806708902	44.3458536592	110.366954724	110.366958324	1241.0266576	
4.8798	0.980425644149	7.3037376864	44.4823296805	110.65248878	110.652492384	1242.40879596	
4.8865	0.983583910892	7.30940646799	44.6190069732	110.938373836	110.938377445	1243.7506574	
4.8932	0.977544094426	7.31507315434	44.7558853552	111.224609293	111.224612906	1247.46802389	
4.8999	0.981056039332	7.32073775664	44.8929646445	111.511194552	111.51119817	1248.72446541	
4.9066	0.984746188321	7.32640054275	45.030244659	111.798129016	111.798132639	1249.93274372	
4.9133	0.979216803437	7.33206075351	45.1677252164	112.085412087	112.085415714	1253.52853491	
4.92	0.983078300177	7.33771941326	45.3054061341	112.373043166	112.373046798	1254.68547033	
4.9267	0.987159507879	7.3433755467	45.4432872297	112.661021658	112.661025294	1255.78565815	
4.9334	0.982057941742	7.34902989415	45.5813683204	112.949346965	112.949350606	1259.27571788	
4.9401	0.986359291666	7.35468244602	45.7196492235	113.238018491	113.238022137	1260.31341193	
4.9468	0.990906871673	7.36033254458	45.8581297559	113.52703564	113.527039291	1261.2883239	
4.9535	0.986217225097	7.36598107817	45.9968097346	113.816397817	113.816401473	1264.67493841	
4.9602	0.991033084118	7.37162740924	46.1356889764	114.106104427	114.106108087	1265.57645584	
4.9669	0.986733789391	7.37727176434	46.2747672981	114.396154875	114.396158539	1268.86962082	
4.9736	0.991829453045	7.3829141539	46.4140445163	114.686548566	114.686552235	1269.69396047	
4.9803	0.987890576536	7.38855458828	46.5535204474	114.977284906	114.977288581	1272.8994967	
4.987	0.993277165782	7.39419290239	46.6931949078	115.268363303	115.268366982	1273.64330475	
4.9937	0.989662310302	7.39982963272	46.8330677139	115.559783162	115.559786846	1276.76786908	
5.0004	0.996863672676	7.40546426319	46.9731386818	115.851543891	115.85154758	1277.12358882	
5.0071	0.996079789528	7.41109682419	47.1134076277	116.143644897	116.143648591	1279.66199346	
5.0138	0.99419155908	7.41672764282	47.2538743675	116.436085589	116.436089287	1282.41399795	
5.0205	1.00150422383	7.42235656717	47.3945387171	116.728865375	116.728869078	1282.70772908	
5.0272	0.999378456998	7.42798374207	47.5354004925	117.021983663	117.02198737	1285.49103031	
5.0339	0.997332942006	7.43360890085	47.6764595093	117.315439862	117.315443575	1288.24850397	
5.0406	1.00482651985	7.43923207355	47.8177155832	117.609233382	117.6092371	1288.46726536	
5.0473	1.00308517063	7.4448535195	47.9591685298	117.903363634	117.903367356	1291.14552891	
5.054	1.00142753763	7.45047322814	48.1008181646	118.197830026	118.197833753	1293.7974126	
5.0607	0.999882134483	7.45609088534	48.2426643031	118.49263197	118.492635703	1296.41757106	
5.0674	1.00797427293	7.46170682444	48.3847067605	118.787768878	118.787772615	1296.46414808	
5.0741	1.00673395436	7.46732094705	48.5269453522	119.083240159	119.083243901	1299.00282405	
5.0808	1.00557193439	7.47293334362	48.6693798935	119.379045227	119.379048974	1301.51599175	
5.0875	1.00483130757	7.47854378055	48.8120101994	119.675183493	119.675187245	1303.93321737	
5.0942	1.00409498551	7.48415251018	48.9548360852	119.97165437	119.971658127	1306.34076747	
5.1009	1.01278673675	7.48975946082	49.0978573657	120.268457271	120.268461034	1306.19851809	
5.1076	1.01238536806	7.49536469581	49.2410738561	120.56559161	120.565595377	1308.51593392	
5.1143	1.01197476956	7.50096810939	49.3844853712	120.8630568	120.863060573	1310.82535707	
5.121	1.0119985881	7.50656977151	49.528091726	121.160852256	121.160856033	1313.03476694	
5.1277	1.01193560015	7.51216965728	49.6718927352	121.458977392	121.458981174	1315.25229064	
5.1344	1.01227204477	7.51776787763	49.8158882137	121.757431623	121.75743541	1317.37673118	
5.1411	1.0125514961	7.52336431906	49.9600779762	122.056214364	122.056218157	1319.50300248	
5.1478	1.01320399428	7.52895907226	50.1044618373	122.355325032	122.35532883	1321.5412166	
5.1545	1.01378089947	7.53455211885	50.2490396118	122.654763043	122.654766846	1323.58487372	
5.1612	1.01477981441	7.54014346762	50.3938111143	122.954527813	122.954531621	1325.52958779	
5.1679	1.01571931033	7.54573312734	50.5387761594	123.254618759	123.254622572	1327.47605736	
5.1746	1.01698082306	7.55132110671	50.6839345616	123.555035298	123.555039117	1329.34380859	
5.1813	1.01833803794	7.5569073948	50.8292861354	123.85577685	123.855780673	1331.1802748	
5.188	1.01978515425	7.562492059	50.9748306954	124.156842831	124.156846659	1332.98662946	
5.1947	1.02157713247	7.56807504908	51.1205680561	124.45823266	124.458236494	1334.7087372	
5.2014	1.02339511798	7.5736563535	51.2664980318	124.759945757	124.759949596	1336.4137335	
5.2081	1.02539709881	7.57923605333	51.412620437	125.06198154	125.061985385	1338.06786409	
5.2148	1.02770262119	7.58482757657	51.5589350861	125.364339431	125.364343281	1339.64527064	
5.2215	1.02086612936	7.59042340523	51.7054417936	125.667018848	125.667022703	1343.75616424	
5.2282	1.02323660254	7.59601760433	51.8521403737	125.970019214	125.970023074	1345.29907341	
5.2349	1.02601462451	7.60161036057	51.999030641	126.273339948	126.273343813	1346.74285467	
5.2416	1.02892477307	7.60720150337	52.1461124096	126.576980472	126.576984343	1348.14611098	
5.2483	1.03198359563	7.61279110024	52.2933854941	126.880940208	126.880944085	1349.5036608	
5.255	1.02595487438	7.6183790831	52.4408497087	127.18521858	127.185222461	1353.40011426	
5.2617	1.02927555603	7.62396568795	52.5885048677	127.489815008	127.489818895	1354.67954577	
5.2684	1.03289722927	7.62955061029	52.7363507857	127.794728917	127.79473281	1355.88100627	
5.2751	1.03672349089	7.63513409836	52.8843872767	128.09995973	128.099963628	1357.02348439	
5.2818	1.03139184609	7.64071607978	53.0326141554	128.405506871	128.405510775	1360.73474243	
5.2885	1.03545575857	7.64629656226	53.1810312359	128.711369765	128.711373674	1361.80289086	
5.2952	1.03976472626	7.6518755535	53.3296383326	129.017547836	129.017551751	1362.80290075	
5.3019	1.03491868912	7.65745306111	53.47843526	129.32404051	129.32404443	1366.38108182	
5.3086	1.03952230445	7.66302920132	53.6274218324	129.630847212	129.630851138	1367.29292732	
5.3153	1.03512530429	7.66860365583	53.7765978643	129.937967369	129.9379713	1370.75453534	
5.322	1.04004517069	7.67417675798	53.9259631699	130.245400407	130.245404343	1371.57146661	
5.3287	1.03607333418	7.67974852735	54.0755175638	130.553145752	130.553149694	1374.92134305	
5.3354	1.04133074906	7.68531873396	54.2252608605	130.861202833	130.861206781	1375.63757157	
5.3421	1.03774910123	7.69088737317	54.3751928743	131.169571077	131.16957503	1378.88218822	
5.3488	1.04336492489	7.69645483847	54.5253134199	131.478249913	131.478253872	1379.49251594	
5.3555	1.04013284797	7.70202061433	54.6756223116	131.787238768	131.787242733	1382.63936371	
5.3622	1.04612440388	7.70758524681	54.8261193642	132.096537073	132.096541043	1383.13937748	
5.3689	1.04320011973	7.71314818842	54.9768043922	132.406144257	132.406148232	1386.19650491	
5.3756	1.04959035448	7.71871001696	55.1276772101	132.716059749	132.71606373	1386.57925351	
5.3823	1.04692221438	7.7242701531	55.2787376327	133.02628298	133.026286967	1389.55843916	
5.389	1.04453256758	7.72982920629	55.4299854746	133.336813382	133.336817374	1392.46624074	
5.3957	1.05151933909	7.73538672589	55.5814205506	133.647650384	133.647654382	1392.67323985	
5.4024	1.04951841679	7.74094270715	55.7330426755	133.958793419	133.958797424	1395.47108458	
5.4091	1.04772391054	7.74649748188	55.8848516639	134.27024192	134.27024593	1398.21320775	
5.4158	1.05512116615	7.75205106882	56.0368473309	134.581995318	134.581999334	1398.28380673	
5.4225	1.05367523068	7.75760295824	56.1890294913	134.894053047	134.894057068	1400.92301419	
5.4292	1.05246626392	7.76315385371	56.34139796	135.206414539	135.206418567	1403.49853885	
5.4359	1.05137686819	7.76870304978	56.493952552	135.51907923	135.519083263	1406.03694255	
5.4426	1.05959991366	7.77425128116	56.6466930824	135.832046554	135.832050593	1405.86098123	
5.4493	1.05893694938	7.77979800285	56.7996193663	136.145315944	136.145319989	1408.27663051	
5.456	1.05833128719	7.78534340554	56.9527312189	136.458886837	136.458890888	1410.66766989	
5.4627	1.0580677025	7.79088749591	57.1060284553	136.772758668	136.772762724	1412.96973104	
5.4694	1.05796282446	7.79643028066	57.2595108908	137.086930873	137.086934936	1415.22408405	
5.4761	1.05799674339	7.80197176642	57.4131783407	137.401402889	137.401406957	1417.43498444	
5.4828	1.05834988185	7.80751195978	57.5670306205	137.716174153	137.716178227	1419.56085944	
5.4895	1.05872851917	7.81305086733	57.7210675456	138.031244102	138.031248182	1421.66857608	
5.4962	1.05949368201	7.8185884956	57.8752889314	138.346612174	138.346616261	1423.6750525	
5.5029	1.06025967972	7.82412485109	58.0296945937	138.662277808	138.662281901	1425.66854339	
5.5096	1.06138709506	7.82965971406	58.184284348	138.978240442	138.978244541	1427.56582911	
5.5163	1.06258143847	7.83519376958	58.3390580101	139.294499517	139.294503621	1429.43447574	
5.523	1.06401708076	7.84072634542	58.4940153958	139.61105447	139.611058581	1431.23403931	
5.5297	1.06567947418	7.84625743658	58.6491563209	139.927904744	139.927908861	1432.96739059	
5.5364	1.06737925935	7.85178776214	58.8044806014	140.245049777	140.2450539	1434.67810895	
5.5431	1.06954196215	7.85731637053	58.9599880533	140.562489012	140.562493142	1436.26750574	
5.5498	1.0717873413	7.86284399211	59.1156784927	140.880221891	140.880226026	1437.82365157	
5.5565	1.07413582464	7.86837039176	59.2715517358	141.198247854	141.198251995	1439.34166833	
5.5632	1.07693969498	7.87389583208	59.4276075989	141.516566345	141.516570493	1440.73864187	
5.5699	1.0707074111	7.87941955008	59.5838458983	141.835176806	141.83518096	1444.82934496	
5.5766	1.07368752723	7.88494258493	59.7402664505	142.154078682	142.154082842	1446.15777051	
5.5833	1.07686182335	7.89046416237	59.8968690719	142.473271415	142.473275581	1447.42620547	
5.59	1.08048193668	7.89598427732	60.0536535792	142.79275445	142.792758623	1448.5740766	
5.5967	1.0750823094	7.90150374972	60.2106197891	143.112527539	143.112531786	1452.42571103	
5.6034	1.0789471449	7.90702177171	60.3677675183	143.432591809	143.432596142	1453.48738732	
5.6101	1.08309225032	7.91253862059	60.5250965838	143.752945351	143.752949697	1454.46674165	
5.6168	1.07824892535	7.91805401624	60.6826068025	144.073587195	144.073591554	1458.15301048	
5.6235	1.08272454736	7.92356882283	60.8402979916	144.394516789	144.394521161	1459.02385276	
5.6302	1.07840893981	7.92908189462	60.998169968	144.715733577	144.715737963	1462.56334473	
5.6369	1.08325868511	7.93459410675	61.1562225493	145.037237009	145.037241408	1463.3139804	
5.6436	1.08849172586	7.94010517532	61.3144555526	145.359026531	145.359030944	1463.95785709	
5.6503	1.08471524069	7.94561510614	61.4728687955	145.681101592	145.681106018	1467.32919333	
5.657	1.09038132072	7.95112390501	61.6314620956	146.003461639	146.003466078	1467.83775676	
5.6637	1.08706962777	7.95663188936	61.7902352705	146.326106122	146.326110574	1471.07250979	
5.6704	1.08412646114	7.96213844523	61.9491881381	146.649034489	146.649038955	1474.2102795	
5.6771	1.09033703117	7.96764388635	62.1083205161	146.972246192	146.972250672	1474.53786089	
5.6838	1.08777564889	7.97314789588	62.2676322227	147.295740681	147.295745174	1477.55576192	
5.6905	1.09450100812	7.97865144706	62.4271230759	147.619517405	147.619521912	1477.72630163	
5.6972	1.09226755069	7.9841532482	62.586792894	147.943575817	147.943580338	1480.6368119	
5.7039	1.0903128317	7.98965461662	62.7466414953	148.267915368	148.267919903	1483.46827865	
5.7106	1.09766615817	7.99515423181	62.9066686983	148.592535511	148.592540059	1483.4346952	
5.7173	1.0962097703	8.00065343973	63.0668743215	148.917435699	148.91744026	1486.1153732	
5.724	1.09496148872	8.00615123521	63.2272581836	149.242615384	149.24261996	1488.73303793	
5.7307	1.0939063099	8.01164761305	63.3878201034	149.568074021	149.568078611	1491.29042676	
5.7374	1.10222950002	8.01714362152	63.5485598998	149.893811064	149.893815668	1490.94900778	
5.7441	1.10167876917	8.02263822325	63.709477392	150.219825968	150.219830585	1493.35089482	
5.7508	1.101248792	8.02813141303	63.870572399	150.546118188	150.546122819	1495.70917505	
5.7575	1.10117050794	8.03362427096	64.0318447402	150.872687179	150.872691824	1497.96704582	
5.7642	1.10132585705	8.03911572769	64.1932942349	151.199532399	151.199537058	1500.15288394	
5.7709	1.10161722444	8.04460577799	64.3549207028	151.526653302	151.526657976	1502.29029365	
5.7776	1.10232169461	8.05009516128	64.5167239634	151.854049348	151.854054035	1504.3105753	
5.7843	1.10304638691	8.05558351758	64.6787038367	152.181719994	152.181724695	1506.31024352	
5.791	1.10425406124	8.06107085213	64.8408601424	152.509664697	152.509669413	1508.17456892	
5.7977	1.1054754176	8.06655755301	65.0031927008	152.837882918	152.837887647	1510.0193299	
5.8044	1.10713091297	8.07204286327	65.1657013319	153.166374114	153.166378858	1511.74004197	
5.8111	1.10890772964	8.07752677767	65.3283858562	153.495137746	153.495142503	1513.4139382	
5.8178	1.1109644486	8.08301007745	65.491246094	153.824173273	153.824178045	1515.00071425	
5.8245	1.11335942795	8.08849238146	65.6542818661	154.153480157	154.153484944	1516.48618635	
5.8312	1.11589140092	8.09397409498	65.817492993	154.48305786	154.483062661	1517.92026359	
5.8379	1.1095825622	8.09945402264	65.9808792957	154.812905842	154.812910657	1522.14389156	
5.8446	1.112664063	8.10493336998	66.1444405953	155.143023566	155.143028395	1523.40642536	
5.8513	1.11596528988	8.11041215238	66.3081767128	155.473410495	155.473415339	1524.59603449	
5.858	1.11950321166	8.11588914343	66.4720874696	155.804066091	155.80407095	1525.70863897	
5.8647	1.11422850146	8.1213659969	66.6361726872	156.13498982	156.134994693	1529.61574729	
5.8714	1.11834194614	8.12684147606	66.800432187	156.466181145	156.466186032	1530.54676721	
5.8781	1.12277350025	8.13231557562	66.9648657909	156.797639531	156.797644433	1531.37945122	
5.8848	1.11821664091	8.13778957297	67.1294733207	157.129364443	157.12936936	1535.06025946	
5.8915	1.12308486706	8.14326220059	67.2942545984	157.461355348	157.461360279	1535.74488573	
5.8982	1.11910929735	8.14873388751	67.4592094462	157.793611711	157.793616657	1539.2493426	
5.9049	1.12448337355	8.1542042009	67.6243376866	158.126132999	158.12613796	1539.76672653	
5.9116	1.12105992245	8.15967401765	67.7896391418	158.45891868	158.458923656	1543.09990562	
5.9183	1.12700225577	8.16514335271	67.9551136346	158.791968223	158.791973213	1543.43285562	
5.925	1.12409280765	8.17061087756	68.1207609877	159.125281094	159.125286099	1546.60244079	
5.9317	1.13065877204	8.17607838146	68.2865810241	159.458856764	159.458861783	1546.73577006	
5.9384	1.12824547695	8.18154452578	68.4525735669	159.7926947	159.792699735	1549.74305769	
5.9451	1.12617692999	8.18700930523	68.6187384392	160.126794376	160.126799426	1552.64824873	
5.9518	1.13349869275	8.19247409804	68.7850754646	160.461155259	160.461160324	1552.52565727	
5.9585	1.13184742516	8.19793707091	68.9515844666	160.795776821	160.795781901	1555.2855403	
5.9652	1.13068248054	8.20340007984	69.1182652689	161.130658535	161.13066363	1557.90447299	
5.9719	1.12980222099	8.20886126488	69.2851176953	161.465799872	161.465804981	1560.43360252	
5.9786	1.12915356377	8.21432203412	69.45214157	161.801200304	161.801205429	1562.88602373	
5.9853	1.13777381824	8.21978192437	69.6193367171	162.136859305	162.136864445	1562.31925844	
5.992	1.1377572509	8.22524094022	69.786702961	162.472776348	162.472781504	1564.56657756	
5.9987	1.13790458413	8.23069908625	69.9542401262	162.808950909	162.808956079	1566.75301573	
6.0054	1.13838275544	8.23615636704	70.1219480374	163.145382461	163.145387647	1568.83456931	
6.0121	1.13921452278	8.24161327797	70.2898265195	163.48207048	163.482075681	1570.80467136	
6.0188	1.14021854879	8.24706884512	70.4578753976	163.819014441	163.819019657	1572.71027059	
6.0255	1.14169853183	8.2525230632	70.6260944967	164.156213821	164.156219053	1574.47135946	
6.0322	1.14331969328	8.25797742883	70.7944836423	164.493668098	164.493673345	1576.17531509	
6.0389	1.1453930466	8.26342995046	70.96304266	164.831376747	164.831382009	1577.74015928	
6.0456	1.13861678787	8.26888264155	71.1317713753	165.169339248	165.169344526	1582.20935889	
6.0523	1.14110150314	8.27433399488	71.3006696142	165.507555078	165.507560372	1583.62585003	
6.059	1.14406313349	8.27978451876	71.4697372028	165.846023719	165.846029027	1584.89420966	
6.0657	1.14725795668	8.28523370076	71.6389739672	166.184744646	166.184749971	1586.07993187	
6.0724	1.15074654858	8.29068257564	71.8083797339	166.523717343	166.523722683	1587.16679732	
6.0791	1.14555988927	8.29613115739	71.9779543294	166.862941289	166.862946645	1591.12465416	
6.0858	1.14973188703	8.3015778807	72.1476975804	167.202415966	167.202421337	1591.98538583	
6.0925	1.15428728385	8.30702431952	72.3176093139	167.542140855	167.542146242	1592.72182299	
6.0992	1.14988934082	8.31246995494	72.4876893571	167.882115438	167.882120841	1596.41317946	
6.1059	1.15502295192	8.31791479125	72.657937537	168.222339199	168.222344618	1596.94942993	
6.1126	1.15131933707	8.32335883269	72.8283536813	168.56281162	168.562817055	1600.41789527	
6.1193	1.15714766709	8.32880208352	72.9989376175	168.903532187	168.903537637	1600.72089191	
6.126	1.15412285813	8.33424509345	73.1696891735	169.244500383	169.244505849	1603.96743953	
6.1327	1.15157106528	8.33968677887	73.3406081772	169.585715693	169.585721175	1607.0697034	
6.1394	1.15833251581	8.3451271345	73.5116944569	169.927177602	169.927183101	1607.04776867	
6.1461	1.15640521446	8.35056781989	73.6829478409	170.268885598	170.268891112	1609.93778262	
6.1528	1.15487885324	8.35600718383	73.8543681576	170.610839167	170.610844697	1612.70075837	
6.1595	1.16269719326	8.36144578224	74.025955236	170.953037796	170.953043342	1612.31800555	
6.1662	1.16171899374	8.36688361925	74.1977089048	171.295480972	171.295486535	1614.88438383	
6.1729	1.16105865659	8.37232013152	74.3696289932	171.638168184	171.638173763	1617.34379527	
6.1796	1.16092487211	8.37775702548	74.5417153304	171.981098922	171.981104518	1619.63837568	
6.1863	1.16110842928	8.38319202918	74.7139677459	172.324272674	172.324278285	1621.82410307	
6.193	1.16152995095	8.38862685838	74.8863860694	172.667688931	172.667694559	1623.92197335	
6.1997	1.16246712981	8.39406094654	75.0589701308	173.011347182	173.011352827	1625.85511165	
6.2064	1.16366404846	8.39949488065	75.23171976	173.355246921	173.355252581	1627.69307945	
6.2131	1.16523747852	8.40492691585	75.4046347873	173.699387637	173.699393314	1629.4033048	
6.2198	1.16718468885	8.4103593941	75.5777150431	174.043768823	174.043774516	1630.98612973	
6.2265	1.16952461083	8.4157899691	75.7509603579	174.388389972	174.388395682	1632.43519187	
6.2332	1.17220326812	8.42122041212	75.9243705627	174.733250578	174.733256304	1633.76523044	
6.2399	1.17542323413	8.42665073631	76.0979454884	175.078350134	175.078355877	1634.92070639	
6.2466	1.16971292892	8.43207975205	76.2716849662	175.423688135	175.423693895	1639.10746991	
6.2533	1.17352412146	8.43750745409	76.4455888274	175.769264076	175.769269853	1640.04589489	
6.26	1.17789080461	8.44293505208	76.6196569037	176.115077453	176.115083246	1640.80527794	
6.2667	1.17342405229	8.44836194855	76.7938890268	176.461127762	176.461133572	1644.57758905	
6.2734	1.1784399411	8.45378876086	76.9682850286	176.807414499	176.807420326	1645.10125168	
6.2801	1.1747657028	8.45921365238	77.1428447413	177.153937162	177.153943005	1648.60683966	
6.2868	1.1805576889	8.46463846743	77.3175679973	177.500695249	177.500701109	1648.8582167	
6.2935	1.17769870478	8.47006321886	77.4924546291	177.847688258	177.847694135	1652.08571637	
6.3002	1.18442407207	8.47548604288	77.6675044695	178.194915688	178.194921583	1652.01849592	
6.3069	1.18235531992	8.48090881087	77.8427173515	178.54237704	178.542382951	1654.97267657	
6.3136	1.18079876015	8.48633090409	78.0180931081	178.890071813	178.890077741	1657.75922247	
6.3203	1.17971167614	8.4917529608	78.1936315727	179.237999507	179.238005453	1660.38919479	
6.327	1.18807910454	8.49717371871	78.3693325789	179.586159625	179.586165588	1659.73870664	
6.3337	1.18769842465	8.50259317261	78.5451959604	179.934551669	179.934557649	1662.11111994	
6.3404	1.18770163156	8.50801260417	78.7212215512	180.28317514	180.283181137	1664.34840231	
6.3471	1.18833095183	8.51343202599	78.8974091854	180.632029541	180.632035556	1666.38078964	
6.3538	1.18933146478	8.51885015195	79.0737586974	180.981114377	180.981120409	1668.27956525	
6.3605	1.19067348664	8.52426762915	79.2502699218	181.330429152	181.330435201	1670.05250861	
6.3672	1.19267179303	8.529683806	79.4269426932	181.67997337	181.679979437	1671.60945422	
6.3739	1.19491155028	8.53510065186	79.6037768467	182.029746536	182.02975262	1673.06766312	
6.3806	1.18873663032	8.54051554355	79.7807722175	182.379748158	182.379754259	1677.48215867	
6.3873	1.19187940346	8.54593045921	79.9579286408	182.729977741	182.72998386	1678.62129746	
6.394	1.19561845114	8.55134541122	80.1352459524	183.080434791	183.080440928	1679.55931139	
6.4007	1.19995273412	8.55675907219	80.3127239879	183.431118818	183.431124972	1680.29411736	
6.4074	1.1953800465	8.56217143694	80.4903625834	183.78202933	183.782035502	1684.1372236	
6.4141	1.2005047573	8.56758452737	80.6681615751	184.133165834	184.133172023	1684.57968843	
6.4208	1.19704006556	8.57299632869	80.8461207993	184.484527841	184.484534048	1688.0475105	
6.4275	1.20327848795	8.57840683576	81.0242400928	184.83611486	184.836121085	1688.10200706	
6.4342	1.20073993555	8.58381741215	81.2025192922	185.187926402	185.187932646	1691.23998696	
6.4409	1.19877363875	8.58922738278	81.3809582348	185.539961979	185.539968241	1694.18599155	
6.4476	1.20644417396	8.59463675117	81.5595567576	185.892221103	185.892227382	1693.72197927	
6.4543	1.20539723375	8.60004552078	81.7383146981	186.244703285	186.244709582	1696.33299883	
6.461	1.2048638769	8.6054536951	81.9172318941	186.597408037	186.597414352	1698.76419538	
6.4677	1.20500727063	8.61086197627	82.0963081834	186.950334876	186.950341209	1700.96623798	
6.4744	1.20564254676	8.6162689732	82.275543404	187.303483312	187.303489663	1702.9915988	
6.4811	1.206721454	8.62167538516	82.4549373943	187.656852863	187.656859233	1704.85335448	
6.4878	1.20836114818	8.62708121558	82.6344899927	188.010443043	188.010449431	1706.51631304	
6.4945	1.21062639548	8.63248646785	82.8142010381	188.364253368	188.364259774	1707.96007373	
6.5012	1.21333870368	8.63789043248	82.9940703692	188.718283355	188.718289779	1709.23626593	
6.5079	1.20762209061	8.64329525154	83.1740978254	189.072532519	189.072538962	1713.53739622	
6.5146	1.21126650434	8.64869807117	83.3539001074	189.426246753	189.426253214	1714.46980976	
6.5213	1.21558206216	8.65410176324	83.5338670119	189.780193001	189.780199481	1715.16596509	
6.528	1.2113975015	8.65950345132	83.7139864202	190.134347263	190.134353761	1718.91829378	
6.5347	1.21683542129	8.66490530279	83.8942686156	190.48872959	190.488736106	1719.20492623	
6.5414	1.21371924604	8.67030732939	84.0747120713	190.84333681	190.843343345	1722.57039147	
6.5481	1.22031879773	8.67570734515	84.2553080633	191.198151611	191.198158165	1722.43502782	
6.5548	1.21836074857	8.68110827797	84.4360686379	191.553197494	191.553204067	1725.38028536	
6.5615	1.21708855892	8.68650719539	84.6169802677	191.908447722	191.908454313	1728.08736512	
6.5682	1.21659226095	8.69190704755	84.7983740551	192.26455206	192.264558669	1730.52323468	
6.5749	1.22571620985	8.69730487973	84.9795994301	192.620233169	192.620239798	1729.46916959	
6.5816	1.22628390215	8.70270366426	85.1609884883	192.976142916	192.976149563	1731.50713343	
6.5883	1.22744893599	8.7081011734	85.3425315283	193.332262094	193.33226876	1733.32675476	
6.595	1.22922455747	8.71349815404	85.524231921	193.688597152	193.688603838	1734.92302871	
6.6017	1.22257084993	8.71889385472	85.7060854988	194.045139754	194.045146458	1739.58800949	
6.6084	1.22556276734	8.72428978526	85.8880986802	194.401902317	194.40190904	1740.73608584	
6.6151	1.22946011841	8.72968595706	86.0702715667	194.758884869	194.758891611	1741.56734151	
6.6218	1.22469674634	8.73508009284	86.2525943935	195.116068111	195.116074873	1745.55010006	
6.6285	1.22983476448	8.74047447625	86.4350757739	195.473468756	195.473475537	1745.91694434	
6.6352	1.22657859151	8.74586911861	86.6177161259	195.831087451	195.831094251	1749.36259946	
6.6419	1.23301493515	8.75126248913	86.8005088771	196.188911162	196.188917981	1749.24497208	
6.6486	1.23103576379	8.75665535654	86.9834568393	196.54694523	196.546952068	1752.21432384	
6.6553	1.22983185668	8.76204694752	87.1665568483	196.9051833	196.905190159	1754.90718145	
6.662	1.23848360596	8.7674388154	87.3498146324	197.263636416	197.263643293	1753.97469051	
6.6687	1.23869041075	8.77283018953	87.5332272266	197.62229861	197.622305507	1756.14246586	
6.6754	1.23952737754	8.77822107299	87.7165019204	197.980597548	197.980604465	1758.07599151	
6.6821	1.24120747606	8.78361225611	87.9002270613	198.339683273	198.339690209	1759.70118163	
6.6888	1.23442976249	8.78900138026	88.0841001963	198.698964262	198.698971218	1764.4475851	
6.6955	1.23763989641	8.79439081019	88.2681300958	199.058457491	199.058464467	1765.50813857	
6.7022	1.24150941528	8.79977976173	88.4523133944	199.418156219	199.418163214	1766.31486153	
6.7089	1.24646599097	8.80516903581	88.6366529853	199.778065931	199.778072947	1766.73912467	
6.7156	1.24271250308	8.81055624174	88.8211400146	200.138169181	200.138176216	1770.3648492	
6.7223	1.2397690456	8.81594377628	89.0055001496	200.497930547	200.497937602	1773.70456926	
6.729	1.24696335967	8.82133165036	89.1902992226	200.858454031	200.858461106	1773.27633124	
6.7357	1.24577703337	8.82671825792	89.3752480097	201.219175008	201.219182103	1775.96256188	
6.7424	1.24543405954	8.83210359402	89.5603462822	201.580092873	201.580099988	1778.33765796	
6.7491	1.24580050216	8.83748928127	89.7453211913	201.940675658	201.940682793	1780.44484305	
6.7558	1.24709444813	8.84287451415	89.9307251351	202.302000021	202.302007176	1782.20549459	
6.7625	1.24931252918	8.84826011463	90.1162824131	202.663528288	202.663535464	1783.62340351	
6.7692	1.25235789816	8.85364362859	90.3017104777	203.024710013	203.02471721	1784.73099527	
6.7759	1.25635146649	8.85902834029	90.4875686957	203.386634586	203.386641802	1785.48209161	
6.7826	1.25190267728	8.86441096088	90.6732999461	203.748216953	203.74822419	1789.39038916	
6.7893	1.25770084727	8.86979479547	90.8594581279	204.110535288	204.110542545	1789.45927996	
6.796	1.25510253006	8.87517653438	91.0454912171	204.47251503	204.472522308	1792.67596889	
6.8027	1.2536271203	8.88055950349	91.2319483974	204.835224609	204.835231908	1795.48216068	
6.8094	1.2529753815	8.88594120954	91.4182846536	205.197603663	205.197610982	1797.9772672	
6.8161	1.26246767038	8.89132164766	91.6047688302	205.560175077	205.560182416	1796.64154397	
6.8228	1.26386999467	8.89670334014	91.7916726857	205.923466851	205.923474212	1798.35778508	
6.8295	1.25681438203	8.9020837704	91.978457947	206.286432564	206.286439946	1803.26075887	
6.8362	1.25996983226	8.90746378112	92.1653925663	206.649592953	206.649600355	1804.30403239	
6.8429	1.26434200483	8.91284337512	92.3524761049	207.012947004	207.012954427	1804.8976988	
6.8496	1.2603355305	8.9182217026	92.5397033731	207.376484484	207.376491928	1808.65511106	
6.8563	1.26680113019	8.9236013243	92.727078561	207.740213374	207.740220839	1808.44950363	
6.863	1.26494293575	8.92897968511	92.9145928232	208.104116353	208.104123839	1811.39500215	
6.8697	1.26418516786	8.93435764047	93.1022476116	208.468196091	208.468203598	1813.92607519	
6.8764	1.26440405861	8.93973433037	93.2897813806	208.831945203	208.831952731	1816.08376868	
6.8831	1.26575308053	8.94511148068	93.4774576606	209.195874896	209.195882446	1817.81049184	
6.8898	1.26824640177	8.9504882339	93.6652707262	209.559973923	209.559981494	1819.09946079	
6.8965	1.27187445188	8.95584359047	93.8532225743	209.924246011	209.924253603	1819.954198	
6.9032	1.26721109201	8.96119037933	94.0410494309	210.288179994	210.288187607	1823.97671197	
6.9099	1.27285532687	8.96652949059	94.2287545871	210.651782504	210.651790138	1824.04622425	
6.9166	1.269939863	8.97184648599	94.4158262201	211.014062736	211.014070392	1827.38807398	
6.9233	1.275174111	8.9770488723	94.5990044451	211.368711133	211.36871881	1827.55623219	
6.93	1.27194335852	8.98223567783	94.7817676667	211.722465469	211.722473167	1830.96728556	
6.9367	1.27919667695	8.98742012941	94.9646080369	212.07627866	212.076286379	1830.34927312	
6.9434	1.27823388885	8.99260466958	95.1475235759	212.430146824	212.430154564	1832.88380552	
6.9501	1.27846202508	8.99778606861	95.3305121732	212.784065828	212.784073589	1834.96112375	
6.9568	1.27991565084	9.00296677479	95.5135713023	213.138030739	213.138038521	1836.56658137	
6.9635	1.28278330359	9.00815316917	95.696956754	213.492535924	213.492543727	1837.63070416	
6.9702	1.27740208811	9.01333173029	95.8801491546	213.846577335	213.84658516	1841.88072383	
6.9769	1.28236289125	9.01850718457	96.063408155	214.200656933	214.200664779	1842.11235155	
6.9836	1.27962798232	9.02368282765	96.2467497886	214.554805646	214.554813513	1845.34840968	
6.9903	1.2872230535	9.02885620608	96.4301862716	214.909047	214.909054888	1844.55926485	
6.997	1.28691930322	9.03402815362	96.6137282328	215.263401432	215.263409342	1846.83565537	
7.0037	1.28801437261	9.03919785218	96.7973704714	215.617858808	215.617866739	1848.57319736	
7.0104	1.29048414376	9.04436780272	96.9811130254	215.972419113	215.972427066	1849.77504712	
7.0171	1.28496540918	9.04953469341	97.1649560606	216.327082578	216.327090553	1854.08306112	
7.0238	1.29023379129	9.05470186649	97.3489043719	216.68185836	216.681866356	1854.19108232	
7.0305	1.28760330144	9.05986683167	97.5329484418	217.036728013	217.036736031	1857.37957813	
7.0372	1.29582802563	9.06503043352	97.7170931986	217.391700954	217.391708994	1856.33276168	
7.0439	1.29605458528	9.07019184108	97.9013432568	217.746785985	217.746794046	1858.39678881	
7.0506	1.29804166297	9.07536081427	98.0859480206	218.102463473	218.102471556	1859.78103912	
7.0573	1.29200896705	9.08052038957	98.2703997415	218.457755051	218.457763156	1864.29788096	
7.064	1.29694583366	9.0856777952	98.4549522485	218.813149743	218.81315787	1864.52091954	
7.0707	1.29408147958	9.09083473388	98.6396055586	219.16864749	219.168655639	1867.80326382	
7.0774	1.29290947847	9.09599036991	98.8243597422	219.524248338	219.524256509	1870.42994888	
7.0841	1.30252779856	9.10114471285	99.0092148491	219.879952292	219.879960485	1868.79540315	
7.0908	1.29530872194	9.1062986271	99.1941708992	220.235759298	220.235767514	1873.79821866	
7.0975	1.2989722377	9.11144955683	99.3792279898	220.591669454	220.591677692	1874.50368356	
7.1042	1.30450535449	9.11660007615	99.5643860957	220.947682619	220.947690879	1874.47932901	
7.1109	1.3023927768	9.1217501996	99.7496489469	221.303805871	221.303814154	1877.46792246	
7.1176	1.30198485396	9.12689821639	99.935009128	221.660024864	221.66003317	1879.78096414	
7.1243	1.30351370927	9.13204499389	100.120473964	222.016353584	222.016361912	1881.3317595	
7.131	1.30689595708	9.13718967416	100.306036325	222.372778241	222.372786592	1882.14719715	
7.1377	1.30274783684	9.14233486437	100.491715282	222.729335365	222.729343738	1885.94983515	
7.1444	1.30997025183	9.14747797364	100.67754916	223.086098407	223.086106803	1885.23479292	
7.1511	1.30978950031	9.15261900431	100.863521725	223.443036044	223.443044462	1887.45893996	
7.1578	1.31164187583	9.15776057977	101.049620073	223.800123367	223.800131808	1888.87762678	
7.1645	1.30620339423	9.16289921643	101.23583681	224.157346071	224.157354534	1893.20313326	
7.1712	1.31207467484	9.16803754288	101.422167142	224.514694839	224.514703326	1893.00950864	
7.1779	1.31073577996	9.17317469271	101.608602888	224.872153883	224.872162392	1895.69580614	
7.1846	1.31159532233	9.17831067306	101.795136314	225.229708274	225.229716807	1897.50820083	
7.1913	1.31427315738	9.18343920582	101.981506712	225.58685839	225.586866945	1898.58278016	
7.198	1.3196077708	9.18857287551	102.168235365	225.944603095	225.944611674	1898.60564555	
7.2047	1.31769729598	9.1937053965	102.355061592	226.302442688	226.30245129	1901.51795463	
7.2114	1.31809395949	9.19883677535	102.541985363	226.660377021	226.660385646	1903.50829171	
7.2181	1.32092031487	9.20396612842	102.729006661	227.018405973	227.018414621	1904.5275635	
7.2248	1.31667606234	9.20909524034	102.9161254	227.376529296	227.376537968	1908.38381741	
7.2315	1.32433379623	9.21422322898	103.103341559	227.734746858	227.734755553	1907.45645098	
7.2382	1.32496739769	9.21935099576	103.290655066	228.093058435	228.093067154	1909.34426727	
7.2449	1.31892311513	9.22447675756	103.478065913	228.451463925	228.451472668	1913.93360635	
7.2516	1.3247241373	9.22960051483	103.665574043	228.809963131	228.809971898	1913.7373829	
7.2583	1.32355863201	9.23471696836	103.852919249	229.168058666	229.168067455	1916.35231279	
7.265	1.3252890515	9.23984033834	104.040621762	229.526744819	229.526753632	1917.7973085	
7.2717	1.32998880574	9.24496171871	104.228421376	229.885524078	229.885532915	1918.04869756	
7.2784	1.32789144057	9.25008110951	104.41631802	230.244396219	230.24440508	1921.03931571	
7.2851	1.32872581687	9.25520123361	104.604311551	230.603360883	230.603369768	1922.8461112	
7.2918	1.33232886742	9.26031231819	104.79214241	230.961922557	230.961931466	1923.53254854	
7.2985	1.32965550161	9.26542940256	104.980329711	231.321072121	231.321081054	1926.76119984	
7.3052	1.33009182705	9.27054451044	105.168613731	231.680313625	231.680322582	1928.73025631	
7.3119	1.33371146279	9.27566038492	105.356994314	232.039646682	232.039655664	1929.40457591	
7.3186	1.33076018319	9.28076635139	105.545212474	232.398577386	232.398586392	1932.75239279	
7.3253	1.33146564118	9.28588013367	105.733784986	232.758091136	232.758100167	1934.61631906	
7.332	1.3354685846	9.29099195421	105.922447733	233.11768412	233.117693174	1935.12892716	
7.3387	1.33347655694	9.29610273346	106.111200225	233.477355326	233.477364405	1938.09458119	
7.3454	1.33458734178	9.30120456552	106.299784242	233.836612824	233.836621927	1939.78480723	
7.3521	1.3394682899	9.30631328208	106.488716528	234.196440947	234.196450075	1939.92437163	
7.3588	1.33868986367	9.3114218959	106.677738573	234.556347086	234.556356239	1942.39121672	
7.3655	1.34125527863	9.31652067438	106.866592646	234.915840622	234.9158498	1943.47861994	
7.3722	1.33859556828	9.32162632466	107.055794236	235.27590274	235.275911942	1946.72360609	
7.3789	1.33977773647	9.32673188849	107.245085323	235.636042141	235.636051368	1948.38249404	
7.3856	1.3445092222	9.33182858145	107.434208703	235.995769591	235.995778843	1948.56992064	
7.3923	1.34433864505	9.33693026579	107.623678683	236.356063264	236.356072541	1950.78563445	
7.399	1.34788992123	9.34202497003	107.812981072	236.715945303	236.715954605	1951.46137233	
7.4057	1.34670242607	9.3471255859	108.002629291	237.076391694	237.076401021	1954.09350455	
7.4124	1.34989050397	9.3522261405	108.19236639	237.436913811	237.436923163	1954.91999315	
7.4191	1.34754733114	9.35731694424	108.381939745	237.797031748	237.797041126	1958.0207064	
7.4258	1.35037157207	9.36241457711	108.571863026	238.157721202	238.157730605	1958.99355254	
7.4325	1.34803795132	9.36750531042	108.761624309	238.518009876	238.518019304	1962.10293711	
7.4392	1.35087559392	9.37260097465	108.951734819	238.878868319	238.878877772	1963.06277081	
7.4459	1.34899946219	9.37768882279	109.141683537	239.239326458	239.239335937	1965.98694776	
7.4526	1.35643088589	9.38278157893	109.331980712	239.600352487	239.600361991	1965.03502551	
7.4593	1.35529290338	9.38786844498	109.522116233	239.960978554	239.960988084	1967.63712522	
7.466	1.35629079502	9.39295340626	109.712345104	240.321688424	240.32169798	1969.3608843	
7.4727	1.36014147815	9.39804324428	109.902921208	240.682963239	240.68297282	1969.89519972	
7.4794	1.3570446965	9.40312628835	110.093335987	241.04383884	241.043848448	1973.31564943	
7.4861	1.35812710235	9.40821610233	110.284097128	241.405277318	241.405286951	1975.00062835	
7.4928	1.36319920699	9.41329724191	110.47469718	241.766317114	241.766326773	1975.02252433	
7.4995	1.36349741714	9.41837647781	110.665389796	242.127438806	242.127448491	1977.02777175	
7.5062	1.36036654299	9.42346245697	110.856427482	242.489120308	242.489130019	1980.46896868	
7.5129	1.36333536402	9.42854172196	111.047304337	242.850403741	242.850413478	1981.3574686	
7.5196	1.36396415329	9.43361908807	111.238273256	243.211767877	243.211777641	1983.22632586	
7.5263	1.3637405023	9.43870220975	111.429585945	243.573688743	243.573698533	1985.45413592	
7.533	1.36236328253	9.44377769511	111.620738129	243.935212283	243.9352221	1988.16594905	
7.5397	1.37104156129	9.44885127965	111.811981859	244.296815301	244.296825144	1986.67406113	
7.5464	1.3716057017	9.45392587327	112.003316877	244.658497227	244.658507096	1988.57035426	
7.5531	1.36504764675	9.45899759716	112.194743115	245.020257848	245.020267744	1993.40527301	
7.5598	1.37269883713	9.46407599635	112.38651078	245.382569751	245.382579673	1992.3596054	
7.5665	1.37508521268	9.46914682777	112.578118477	245.744485551	245.7444955	1993.51481785	
7.5732	1.3743582226	9.4742177129	112.769816761	246.106478611	246.106488587	1995.90072102	
7.5799	1.37201832263	9.47928572248	112.96160553	246.468548656	246.468558659	1998.92122205	
7.5866	1.36982851548	9.48435476852	113.153484486	246.830695044	246.830705074	2001.8928539	
7.5933	1.3792663802	9.4894209358	113.34545355	247.192917547	247.192927604	2000.2238369	
